play_id,period,time_remaining_period,secs_remaining,secs_remaining_absolute,description,home_score,away_score,score_diff,play_length,win_prob,home,away,home_time_out_remaining,away_time_out_remaining,home_timeout_ind,away_timeout_ind,home_favored_by,game_id,date,whichScored
1,1,9:37,2377,2377,Ciera Johnson missed Layup.,0,0,0,0,0.5,Auburn,Texas A&M,4,4,0,0,NA,401091586,2019-01-24,NA
2,1,9:37,2377,2377,Unique Thompson Defensive Rebound.,0,0,0,12,0.5,Auburn,Texas A&M,4,4,0,0,NA,401091586,2019-01-24,
3,1,9:25,2365,2365,Janiah McKay missed Three Point Jumper.,0,0,0,0,0.5,Auburn,Texas A&M,4,4,0,0,NA,401091586,2019-01-24,
4,1,9:25,2365,2365,N'dea Jones Defensive Rebound.,0,0,0,11,0.5,Auburn,Texas A&M,4,4,0,0,NA,401091586,2019-01-24,
5,1,9:14,2354,2354,Chennedy Carter made Jumper.,0,2,-2,19,0.45499566896610333,Auburn,Texas A&M,4,4,0,0,NA,401091586,2019-01-24,Texas A&M
6,1,8:55,2335,2335,Erica Sanders missed Layup.,0,2,-2,2,0.45458332034341126,Auburn,Texas A&M,4,4,0,0,NA,401091586,2019-01-24,
7,1,8:53,2333,2333,Texas A&M Defensive Rebound.,0,2,-2,7,0.45453965530089274,Auburn,Texas A&M,4,4,0,0,NA,401091586,2019-01-24,
8,1,8:46,2326,2326,Kayla Wells Turnover.,0,2,-2,12,0.4543864532488971,Auburn,Texas A&M,4,4,0,0,NA,401091586,2019-01-24,
9,1,8:34,2314,2314,Crystal Primm missed Jumper.,0,2,-2,0,0.4541225081930918,Auburn,Texas A&M,4,4,0,0,NA,401091586,2019-01-24,
10,1,8:34,2314,2314,N'dea Jones Defensive Rebound.,0,2,-2,13,0.4541225081930918,Auburn,Texas A&M,4,4,0,0,NA,401091586,2019-01-24,
11,1,8:21,2301,2301,Foul on Crystal Primm.,0,2,-2,0,0.4538347874070997,Auburn,Texas A&M,4,4,0,0,NA,401091586,2019-01-24,
12,1,8:21,2301,2301,Kayla Wells made Free Throw.,0,3,-3,0,0.4309975254039924,Auburn,Texas A&M,4,4,0,0,NA,401091586,2019-01-24,Texas A&M
13,1,8:21,2301,2301,Kayla Wells made Free Throw.,0,4,-4,25,0.4084500298337122,Auburn,Texas A&M,4,4,0,0,NA,401091586,2019-01-24,Texas A&M
14,1,7:56,2276,2276,Janiah McKay missed Three Point Jumper.,0,4,-4,0,0.4073623189187541,Auburn,Texas A&M,4,4,0,0,NA,401091586,2019-01-24,
15,1,7:56,2276,2276,Erica Sanders Offensive Rebound.,0,4,-4,3,0.4073623189187541,Auburn,Texas A&M,4,4,0,0,NA,401091586,2019-01-24,
16,1,7:53,2273,2273,Erica Sanders made Layup.,2,4,-2,21,0.45320932611296233,Auburn,Texas A&M,4,4,0,0,NA,401091586,2019-01-24,Auburn
17,1,7:32,2252,2252,Shambria Washington Turnover.,2,4,-2,24,0.45273563095587277,Auburn,Texas A&M,4,4,0,0,NA,401091586,2019-01-24,
18,1,7:08,2228,2228,Daisa Alexander missed Three Point Jumper.,2,4,-2,0,0.45219012861582764,Auburn,Texas A&M,4,4,0,0,NA,401091586,2019-01-24,
19,1,7:08,2228,2228,Unique Thompson Offensive Rebound.,2,4,-2,5,0.45219012861582764,Auburn,Texas A&M,4,4,0,0,NA,401091586,2019-01-24,
20,1,7:03,2223,2223,Crystal Primm Turnover.,2,4,-2,24,0.45207599041727337,Auburn,Texas A&M,4,4,0,0,NA,401091586,2019-01-24,
21,1,6:39,2199,2199,Chennedy Carter missed Three Point Jumper.,2,4,-2,0,0.45152608884743495,Auburn,Texas A&M,4,4,0,0,NA,401091586,2019-01-24,
22,1,6:39,2199,2199,Daisa Alexander Defensive Rebound.,2,4,-2,5,0.45152608884743495,Auburn,Texas A&M,4,4,0,0,NA,401091586,2019-01-24,
23,1,6:34,2194,2194,Janiah McKay Turnover.,2,4,-2,9,0.4514111445131579,Auburn,Texas A&M,4,4,0,0,NA,401091586,2019-01-24,
24,1,6:25,2185,2185,Kayla Wells Turnover.,2,4,-2,20,0.4512039550594804,Auburn,Texas A&M,4,4,0,0,NA,401091586,2019-01-24,
25,1,6:05,2165,2165,Janiah McKay made Layup.,4,4,0,18,0.5,Auburn,Texas A&M,4,4,0,0,NA,401091586,2019-01-24,Auburn
26,1,5:47,2147,2147,Foul on Daisa Alexander.,4,4,0,4,0.5,Auburn,Texas A&M,4,4,0,0,NA,401091586,2019-01-24,
27,1,5:43,2143,2143,Chennedy Carter Turnover.,4,4,0,13,0.5,Auburn,Texas A&M,4,4,0,0,NA,401091586,2019-01-24,
28,1,5:30,2130,2130,Daisa Alexander missed Jumper.,4,4,0,0,0.5,Auburn,Texas A&M,4,4,0,0,NA,401091586,2019-01-24,
29,1,5:30,2130,2130,Chennedy Carter Defensive Rebound.,4,4,0,9,0.5,Auburn,Texas A&M,4,4,0,0,NA,401091586,2019-01-24,
30,1,5:21,2121,2121,Chennedy Carter made Three Point Jumper.,4,7,-3,28,0.424892080309154,Auburn,Texas A&M,4,4,0,0,NA,401091586,2019-01-24,Texas A&M
31,1,4:53,2093,2093,Daisa Alexander missed Jumper.,4,7,-3,0,0.4239126916421635,Auburn,Texas A&M,4,4,0,0,NA,401091586,2019-01-24,
32,1,4:53,2093,2093,Texas A&M Defensive Rebound.,4,7,-3,2,0.4239126916421635,Auburn,Texas A&M,4,4,0,0,NA,401091586,2019-01-24,
33,1,4:51,2091,2091,Official TV Timeout,4,7,-3,14,0.4238423256438061,Auburn,Texas A&M,4,4,0,0,NA,401091586,2019-01-24,
34,1,4:37,2077,2077,Kayla Wells Turnover.,4,7,-3,19,0.42334815386085534,Auburn,Texas A&M,4,4,0,0,NA,401091586,2019-01-24,
35,1,4:18,2058,2058,Crystal Primm missed Layup.,4,7,-3,0,0.422672807528839,Auburn,Texas A&M,4,4,0,0,NA,401091586,2019-01-24,
36,1,4:18,2058,2058,N'dea Jones Defensive Rebound.,4,7,-3,13,0.422672807528839,Auburn,Texas A&M,4,4,0,0,NA,401091586,2019-01-24,
37,1,4:05,2045,2045,Shambria Washington missed Three Point Jumper.,4,7,-3,0,0.4222074647691046,Auburn,Texas A&M,4,4,0,0,NA,401091586,2019-01-24,
38,1,4:05,2045,2045,Robyn Benton Defensive Rebound.,4,7,-3,7,0.4222074647691046,Auburn,Texas A&M,4,4,0,0,NA,401091586,2019-01-24,
39,1,3:58,2038,2038,Janiah McKay made Jumper.,6,7,-1,33,0.4737948700033326,Auburn,Texas A&M,4,4,0,0,NA,401091586,2019-01-24,Auburn
40,1,3:25,2005,2005,Chennedy Carter made Three Point Jumper. Assisted by Kayla Wells.,6,10,-4,20,0.3950298166028172,Auburn,Texas A&M,4,4,0,0,NA,401091586,2019-01-24,Texas A&M
41,1,3:05,1985,1985,Erin Howard missed Three Point Jumper.,6,10,-4,0,0.3940681749023568,Auburn,Texas A&M,4,4,0,0,NA,401091586,2019-01-24,
42,1,3:05,1985,1985,N'dea Jones Defensive Rebound.,6,10,-4,16,0.3940681749023568,Auburn,Texas A&M,4,4,0,0,NA,401091586,2019-01-24,
43,1,2:49,1969,1969,Kayla Wells missed Three Point Jumper.,6,10,-4,0,0.39329186916331943,Auburn,Texas A&M,4,4,0,0,NA,401091586,2019-01-24,
44,1,2:49,1969,1969,Unique Thompson Defensive Rebound.,6,10,-4,16,0.39329186916331943,Auburn,Texas A&M,4,4,0,0,NA,401091586,2019-01-24,
45,1,2:33,1953,1953,Robyn Benton missed Three Point Jumper.,6,10,-4,0,0.3925090767669194,Auburn,Texas A&M,4,4,0,0,NA,401091586,2019-01-24,
46,1,2:33,1953,1953,N'dea Jones Defensive Rebound.,6,10,-4,7,0.3925090767669194,Auburn,Texas A&M,4,4,0,0,NA,401091586,2019-01-24,
47,1,2:26,1946,1946,Foul on N'dea Jones.,6,10,-4,0,0.39216450163110467,Auburn,Texas A&M,4,4,0,0,NA,401091586,2019-01-24,
48,1,2:26,1946,1946,N'dea Jones Turnover.,6,10,-4,15,0.39216450163110467,Auburn,Texas A&M,4,4,0,0,NA,401091586,2019-01-24,
49,1,2:11,1931,1931,Unique Thompson made Jumper. Assisted by Erin Howard.,8,10,-2,15,0.4450552647319271,Auburn,Texas A&M,4,4,0,0,NA,401091586,2019-01-24,Auburn
50,1,1:56,1916,1916,Unique Thompson Steal.,8,10,-2,9,0.44466883428171733,Auburn,Texas A&M,4,4,0,0,NA,401091586,2019-01-24,
51,1,1:47,1907,1907,Robyn Benton made Three Point Jumper. Assisted by Erin Howard.,11,10,1,17,0.5278676197150458,Auburn,Texas A&M,4,4,0,0,NA,401091586,2019-01-24,Auburn
52,1,1:30,1890,1890,Chennedy Carter missed Three Point Jumper.,11,10,1,0,0.5280881253706348,Auburn,Texas A&M,4,4,0,0,NA,401091586,2019-01-24,
53,1,1:30,1890,1890,Daisa Alexander Defensive Rebound.,11,10,1,10,0.5280881253706348,Auburn,Texas A&M,4,4,0,0,NA,401091586,2019-01-24,
54,1,1:20,1880,1880,Daisa Alexander made Three Point Jumper.,14,10,4,16,0.611106612487873,Auburn,Texas A&M,4,4,0,0,NA,401091586,2019-01-24,Auburn
55,1,1:04,1864,1864,N'dea Jones made Jumper. Assisted by Shambria Washington.,14,12,2,18,0.5566683529347572,Auburn,Texas A&M,4,4,0,0,NA,401091586,2019-01-24,Texas A&M
56,1,0:46,1846,1846,Daisa Alexander missed Jumper.,14,12,2,0,0.5571330741937699,Auburn,Texas A&M,4,4,0,0,NA,401091586,2019-01-24,
57,1,0:46,1846,1846,Auburn Offensive Rebound.,14,12,2,7,0.5571330741937699,Auburn,Texas A&M,4,4,0,0,NA,401091586,2019-01-24,
58,1,0:39,1839,1839,Janiah McKay missed Jumper.,14,12,2,0,0.5573144007142591,Auburn,Texas A&M,4,4,0,0,NA,401091586,2019-01-24,
59,1,0:39,1839,1839,Ciera Johnson Defensive Rebound.,14,12,2,25,0.5573144007142591,Auburn,Texas A&M,4,4,0,0,NA,401091586,2019-01-24,
60,1,0:14,1814,1814,Chennedy Carter missed Three Point Jumper.,14,12,2,0,0.5579657678184325,Auburn,Texas A&M,4,4,0,0,NA,401091586,2019-01-24,
61,1,0:14,1814,1814,Erica Sanders Defensive Rebound.,14,12,2,13,0.5579657678184325,Auburn,Texas A&M,4,4,0,0,NA,401091586,2019-01-24,
62,1,0:01,1801,1801,Janiah McKay made Three Point Jumper.,17,12,5,1,0.6423867885703662,Auburn,Texas A&M,4,4,0,0,NA,401091586,2019-01-24,Auburn
63,1,0:00,1800,1800,End of 1st Quarter,17,12,5,14,0.6424482088636343,Auburn,Texas A&M,4,4,0,0,NA,401091586,2019-01-24,
64,2,9:46,1786,1786,Jada Walton Turnover.,17,12,5,0,0.6433113822250908,Auburn,Texas A&M,4,4,0,0,NA,401091586,2019-01-24,
65,2,9:46,1786,1786,Janiah McKay Steal.,17,12,5,23,0.6433113822250908,Auburn,Texas A&M,4,4,0,0,NA,401091586,2019-01-24,
66,2,9:23,1763,1763,Janiah McKay Turnover.,17,12,5,11,0.6447446517627107,Auburn,Texas A&M,4,4,0,0,NA,401091586,2019-01-24,
67,2,9:12,1752,1752,Ciera Johnson made Layup. Assisted by Chennedy Carter.,17,14,3,27,0.5889017545660549,Auburn,Texas A&M,4,4,0,0,NA,401091586,2019-01-24,Texas A&M
68,2,8:45,1725,1725,Janiah McKay missed Jumper.,17,14,3,0,0.5899982022281737,Auburn,Texas A&M,4,4,0,0,NA,401091586,2019-01-24,
69,2,8:45,1725,1725,Kayla Wells Defensive Rebound.,17,14,3,7,0.5899982022281737,Auburn,Texas A&M,4,4,0,0,NA,401091586,2019-01-24,
70,2,8:38,1718,1718,Kayla Wells Turnover.,17,14,3,26,0.5902867531734868,Auburn,Texas A&M,4,4,0,0,NA,401091586,2019-01-24,
71,2,8:12,1692,1692,Janiah McKay missed Jumper.,17,14,3,0,0.5913758721961707,Auburn,Texas A&M,4,4,0,0,NA,401091586,2019-01-24,
72,2,8:12,1692,1692,Unique Thompson Offensive Rebound.,17,14,3,26,0.5913758721961707,Auburn,Texas A&M,4,4,0,0,NA,401091586,2019-01-24,
73,2,7:46,1666,1666,Foul on Shambria Washington.,17,14,3,16,0.5924631970751515,Auburn,Texas A&M,4,4,0,0,NA,401091586,2019-01-24,
74,2,7:30,1650,1650,Unique Thompson Turnover.,17,14,3,4,0.5931142484128282,Auburn,Texas A&M,4,4,0,0,NA,401091586,2019-01-24,
75,2,7:26,1646,1646,Foul on Daisa Alexander.,17,14,3,10,0.5932753351738675,Auburn,Texas A&M,4,4,0,0,NA,401091586,2019-01-24,
76,2,7:16,1636,1636,Kayla Wells made Three Point Jumper. Assisted by Shambria Washington.,17,17,0,19,0.5,Auburn,Texas A&M,4,4,0,0,NA,401091586,2019-01-24,Texas A&M
77,2,6:57,1617,1617,Janiah McKay missed Jumper.,17,17,0,0,0.5,Auburn,Texas A&M,4,4,0,0,NA,401091586,2019-01-24,
78,2,6:57,1617,1617,Ciera Johnson Defensive Rebound.,17,17,0,10,0.5,Auburn,Texas A&M,4,4,0,0,NA,401091586,2019-01-24,
79,2,6:47,1607,1607,Chennedy Carter made Layup.,17,19,-2,20,0.43635642828675875,Auburn,Texas A&M,4,4,0,0,NA,401091586,2019-01-24,Texas A&M
80,2,6:27,1587,1587,Robyn Benton made Layup. Assisted by Erica Sanders.,19,19,0,30,0.5,Auburn,Texas A&M,4,4,0,0,NA,401091586,2019-01-24,Auburn
81,2,5:57,1557,1557,Shambria Washington missed Three Point Jumper.,19,19,0,0,0.5,Auburn,Texas A&M,4,4,0,0,NA,401091586,2019-01-24,
82,2,5:57,1557,1557,Ciera Johnson Offensive Rebound.,19,19,0,3,0.5,Auburn,Texas A&M,4,4,0,0,NA,401091586,2019-01-24,
83,2,5:54,1554,1554,Ciera Johnson missed Layup.,19,19,0,0,0.5,Auburn,Texas A&M,4,4,0,0,NA,401091586,2019-01-24,
84,2,5:54,1554,1554,Erin Howard Defensive Rebound.,19,19,0,5,0.5,Auburn,Texas A&M,4,4,0,0,NA,401091586,2019-01-24,
85,2,5:49,1549,1549,Foul on Kayla Wells.,19,19,0,10,0.5,Auburn,Texas A&M,4,4,0,0,NA,401091586,2019-01-24,
86,2,5:39,1539,1539,Crystal Primm made Layup.,21,19,2,0,0.5654900334456341,Auburn,Texas A&M,4,4,0,0,NA,401091586,2019-01-24,Auburn
87,2,5:39,1539,1539,Foul on Shambria Washington.,21,19,2,0,0.5654900334456341,Auburn,Texas A&M,4,4,0,0,NA,401091586,2019-01-24,
88,2,5:39,1539,1539,Crystal Primm made Free Throw.,22,19,3,13,0.5975364333101101,Auburn,Texas A&M,4,4,0,0,NA,401091586,2019-01-24,Auburn
89,2,5:26,1526,1526,Chennedy Carter missed Jumper.,22,19,3,0,0.5980734817822355,Auburn,Texas A&M,4,4,0,0,NA,401091586,2019-01-24,
90,2,5:26,1526,1526,Erin Howard Defensive Rebound.,22,19,3,7,0.5980734817822355,Auburn,Texas A&M,4,4,0,0,NA,401091586,2019-01-24,
91,2,5:19,1519,1519,Robyn Benton made Three Point Jumper. Assisted by Janiah McKay.,25,19,6,21,0.6894028301055558,Auburn,Texas A&M,4,4,0,0,NA,401091586,2019-01-24,Auburn
92,2,4:58,1498,1498,Kayla Wells made Jumper.,25,21,4,0,0.6310091047839352,Auburn,Texas A&M,4,4,0,0,NA,401091586,2019-01-24,Texas A&M
93,2,4:58,1498,1498,Foul on Abigayle Jackson.,25,21,4,0,0.6310091047839352,Auburn,Texas A&M,4,4,0,0,NA,401091586,2019-01-24,
94,2,4:58,1498,1498,Official TV Timeout,25,21,4,0,0.6310091047839352,Auburn,Texas A&M,4,4,0,0,NA,401091586,2019-01-24,
95,2,4:58,1498,1498,Kayla Wells made Free Throw.,25,22,3,20,0.5992668486976279,Auburn,Texas A&M,4,4,0,0,NA,401091586,2019-01-24,Texas A&M
96,2,4:38,1478,1478,Brooke Moore made Three Point Jumper. Assisted by Robyn Benton.,28,22,6,21,0.6925873592865813,Auburn,Texas A&M,4,4,0,0,NA,401091586,2019-01-24,Auburn
97,2,4:17,1457,1457,Chennedy Carter missed Three Point Jumper.,28,22,6,0,0.6943197066950904,Auburn,Texas A&M,4,4,0,0,NA,401091586,2019-01-24,
98,2,4:17,1457,1457,Crystal Primm Defensive Rebound.,28,22,6,8,0.6943197066950904,Auburn,Texas A&M,4,4,0,0,NA,401091586,2019-01-24,
99,2,4:09,1449,1449,Foul on Chennedy Carter.,28,22,6,20,0.6950010703013401,Auburn,Texas A&M,4,4,0,0,NA,401091586,2019-01-24,
100,2,3:49,1429,1429,Crystal Primm Turnover.,28,22,6,22,0.696673750408251,Auburn,Texas A&M,4,4,0,0,NA,401091586,2019-01-24,
101,2,3:27,1407,1407,Chennedy Carter missed Jumper.,28,22,6,0,0.6984404900308708,Auburn,Texas A&M,4,4,0,0,NA,401091586,2019-01-24,
102,2,3:27,1407,1407,Auburn Defensive Rebound.,28,22,6,32,0.6984404900308708,Auburn,Texas A&M,4,4,0,0,NA,401091586,2019-01-24,
103,2,2:55,1375,1375,Brooke Moore missed Three Point Jumper.,28,22,6,0,0.7009274643550919,Auburn,Texas A&M,4,4,0,0,NA,401091586,2019-01-24,
104,2,2:55,1375,1375,Texas A&M Defensive Rebound.,28,22,6,34,0.7009274643550919,Auburn,Texas A&M,4,4,0,0,NA,401091586,2019-01-24,
105,2,2:21,1341,1341,Jada Walton Turnover.,28,22,6,0,0.7035444969022213,Auburn,Texas A&M,4,4,1,0,NA,401091586,2019-01-24,
106,2,2:21,1341,1341,Texas A&M  Timeout,28,22,6,14,0.7035444969022213,Auburn,Texas A&M,3,4,1,0,NA,401091586,2019-01-24,
107,2,2:07,1327,1327,Crystal Primm missed Jumper.,28,22,6,0,0.7046365370999681,Auburn,Texas A&M,3,4,1,0,NA,401091586,2019-01-24,
108,2,2:07,1327,1327,N'dea Jones Block.,28,22,6,12,0.7046365370999681,Auburn,Texas A&M,3,4,1,0,NA,401091586,2019-01-24,
109,2,1:55,1315,1315,Unique Thompson Offensive Rebound.,28,22,6,4,0.7055868415371097,Auburn,Texas A&M,3,4,1,0,NA,401091586,2019-01-24,
110,2,1:51,1311,1311,Unique Thompson made Layup.,30,22,8,7,0.7626841259736179,Auburn,Texas A&M,3,4,1,0,NA,401091586,2019-01-24,Auburn
111,2,1:44,1304,1304,Kayla Wells missed Three Point Jumper.,30,22,8,0,0.7633417736892898,Auburn,Texas A&M,3,4,1,0,NA,401091586,2019-01-24,
112,2,1:44,1304,1304,N'dea Jones Offensive Rebound.,30,22,8,20,0.7633417736892898,Auburn,Texas A&M,3,4,1,0,NA,401091586,2019-01-24,
113,2,1:24,1284,1284,Kayla Wells Turnover.,30,22,8,1,0.7652674046074133,Auburn,Texas A&M,3,4,1,0,NA,401091586,2019-01-24,
114,2,1:23,1283,1283,Unique Thompson Steal.,30,22,8,17,0.7653657601909466,Auburn,Texas A&M,3,4,1,0,NA,401091586,2019-01-24,
115,2,1:06,1266,1266,Unique Thompson missed Jumper.,30,22,8,0,0.7670730944316994,Auburn,Texas A&M,3,4,0,0,NA,401091586,2019-01-24,
116,2,1:06,1266,1266,Crystal Primm Offensive Rebound.,30,22,8,4,0.7670730944316994,Auburn,Texas A&M,3,4,0,0,NA,401091586,2019-01-24,
117,2,1:02,1262,1262,Crystal Primm missed Layup.,30,22,8,0,0.7674853000961425,Auburn,Texas A&M,3,4,0,0,NA,401091586,2019-01-24,
118,2,1:02,1262,1262,N'dea Jones Block.,30,22,8,3,0.7674853000961425,Auburn,Texas A&M,3,4,0,0,NA,401091586,2019-01-24,
119,2,0:59,1259,1259,N'dea Jones Defensive Rebound.,30,22,8,21,0.767797288357815,Auburn,Texas A&M,3,4,0,0,NA,401091586,2019-01-24,
120,2,0:38,1238,1238,Chennedy Carter missed Three Point Jumper.,30,22,8,0,0.7700550997847416,Auburn,Texas A&M,3,4,0,0,NA,401091586,2019-01-24,
121,2,0:38,1238,1238,Unique Thompson Defensive Rebound.,30,22,8,31,0.7700550997847416,Auburn,Texas A&M,3,4,0,0,NA,401091586,2019-01-24,
122,2,0:07,1207,1207,Janiah McKay missed Jumper.,30,22,8,0,0.7736570730396609,Auburn,Texas A&M,3,4,0,0,NA,401091586,2019-01-24,
123,2,0:07,1207,1207,Texas A&M Defensive Rebound.,30,22,8,6,0.7736570730396609,Auburn,Texas A&M,3,4,0,0,NA,401091586,2019-01-24,
124,2,0:01,1201,1201,Chennedy Carter missed Jumper.,30,22,8,1,0.7743718622647385,Auburn,Texas A&M,3,4,0,0,NA,401091586,2019-01-24,
125,2,0:00,1200,1200,Erin Howard Defensive Rebound.,30,22,8,0,0.774489981219977,Auburn,Texas A&M,3,4,0,0,NA,401091586,2019-01-24,
126,2,0:00,1200,1200,End of 2nd Quarter,30,22,8,22,0.774489981219977,Auburn,Texas A&M,3,4,0,0,NA,401091586,2019-01-24,
127,3,9:38,1178,1178,Shambria Washington missed Jumper.,30,22,8,0,0.7770253182897642,Auburn,Texas A&M,4,5,0,0,NA,401091586,2019-01-24,
128,3,9:38,1178,1178,Ciera Johnson Offensive Rebound.,30,22,8,3,0.7770253182897642,Auburn,Texas A&M,4,5,0,0,NA,401091586,2019-01-24,
129,3,9:35,1175,1175,Ciera Johnson made Layup.,30,24,6,32,0.7186496853798265,Auburn,Texas A&M,4,5,0,0,NA,401091586,2019-01-24,Texas A&M
130,3,9:03,1143,1143,Daisa Alexander missed Three Point Jumper.,30,24,6,0,0.7217435063298618,Auburn,Texas A&M,4,5,0,0,NA,401091586,2019-01-24,
131,3,9:03,1143,1143,N'dea Jones Defensive Rebound.,30,24,6,19,0.7217435063298618,Auburn,Texas A&M,4,5,0,0,NA,401091586,2019-01-24,
132,3,8:44,1124,1124,Ciera Johnson made Layup. Assisted by Kayla Wells.,30,26,4,25,0.6550807637411296,Auburn,Texas A&M,4,5,0,0,NA,401091586,2019-01-24,Texas A&M
133,3,8:19,1099,1099,Foul on Ciera Johnson.,30,26,4,3,0.6568938296156958,Auburn,Texas A&M,4,5,0,0,NA,401091586,2019-01-24,
134,3,8:16,1096,1096,Foul on Ciera Johnson.,30,26,4,12,0.6571144194131554,Auburn,Texas A&M,4,5,0,0,NA,401091586,2019-01-24,
135,3,8:04,1084,1084,Unique Thompson missed Layup.,30,26,4,0,0.6580061723160412,Auburn,Texas A&M,4,5,0,0,NA,401091586,2019-01-24,
136,3,8:04,1084,1084,Crystal Primm Offensive Rebound.,30,26,4,28,0.6580061723160412,Auburn,Texas A&M,4,5,0,0,NA,401091586,2019-01-24,
137,3,7:36,1056,1056,Janiah McKay missed Jumper.,30,26,4,0,0.6601647479639656,Auburn,Texas A&M,4,5,0,0,NA,401091586,2019-01-24,
138,3,7:36,1056,1056,N'dea Jones Defensive Rebound.,30,26,4,2,0.6601647479639656,Auburn,Texas A&M,4,5,0,0,NA,401091586,2019-01-24,
139,3,7:34,1054,1054,Foul on N'dea Jones.,30,26,4,0,0.6603241087234224,Auburn,Texas A&M,4,5,0,0,NA,401091586,2019-01-24,
140,3,7:34,1054,1054,N'dea Jones Turnover.,30,26,4,17,0.6603241087234224,Auburn,Texas A&M,4,5,0,0,NA,401091586,2019-01-24,
141,3,7:17,1037,1037,Crystal Primm missed Jumper.,30,26,4,0,0.6617125681151398,Auburn,Texas A&M,4,5,0,0,NA,401091586,2019-01-24,
142,3,7:17,1037,1037,Chennedy Carter Defensive Rebound.,30,26,4,27,0.6617125681151398,Auburn,Texas A&M,4,5,0,0,NA,401091586,2019-01-24,
143,3,6:50,1010,1010,N'dea Jones made Layup.,30,28,2,20,0.5843675110386959,Auburn,Texas A&M,4,5,0,0,NA,401091586,2019-01-24,Texas A&M
144,3,6:30,990,990,Unique Thompson made Jumper. Assisted by Janiah McKay.,32,28,4,8,0.6659445398028806,Auburn,Texas A&M,4,5,0,0,NA,401091586,2019-01-24,Auburn
145,3,6:22,982,982,Kayla Wells missed Jumper.,32,28,4,0,0.6667346328322975,Auburn,Texas A&M,4,5,0,0,NA,401091586,2019-01-24,
146,3,6:22,982,982,Ciera Johnson Offensive Rebound.,32,28,4,4,0.6667346328322975,Auburn,Texas A&M,4,5,0,0,NA,401091586,2019-01-24,
147,3,6:18,978,978,Ciera Johnson made Layup.,32,30,2,27,0.5860440254183575,Auburn,Texas A&M,4,5,0,0,NA,401091586,2019-01-24,Texas A&M
148,3,5:51,951,951,Crystal Primm Turnover.,32,30,2,2,0.5875255538817862,Auburn,Texas A&M,4,5,0,0,NA,401091586,2019-01-24,
149,3,5:49,949,949,Chennedy Carter Steal.,32,30,2,0,0.5876278867008967,Auburn,Texas A&M,4,5,0,0,NA,401091586,2019-01-24,
150,3,5:49,949,949,Foul on Janiah McKay.,32,30,2,0,0.5876278867008967,Auburn,Texas A&M,4,5,0,0,NA,401091586,2019-01-24,
151,3,5:49,949,949,Chennedy Carter made Free Throw.,32,31,1,0,0.5441556431815116,Auburn,Texas A&M,4,5,0,0,NA,401091586,2019-01-24,Texas A&M
152,3,5:49,949,949,Chennedy Carter missed Free Throw.,32,31,1,0,0.5441556431815116,Auburn,Texas A&M,4,5,0,0,NA,401091586,2019-01-24,
153,3,5:49,949,949,Auburn Defensive Rebound.,32,31,1,13,0.5441556431815116,Auburn,Texas A&M,4,5,0,0,NA,401091586,2019-01-24,
154,3,5:36,936,936,Unique Thompson Turnover.,32,31,1,23,0.5444838017583061,Auburn,Texas A&M,4,5,0,0,NA,401091586,2019-01-24,
155,3,5:13,913,913,Chennedy Carter Turnover.,32,31,1,1,0.5450227265046991,Auburn,Texas A&M,4,5,0,0,NA,401091586,2019-01-24,
156,3,5:12,912,912,Robyn Benton Steal.,32,31,1,8,0.5450452456015694,Auburn,Texas A&M,4,5,0,0,NA,401091586,2019-01-24,
157,3,5:04,904,904,Erica Sanders made Layup. Assisted by Robyn Benton.,34,31,3,17,0.6327815257753515,Auburn,Texas A&M,4,5,0,0,NA,401091586,2019-01-24,Auburn
158,3,4:47,887,887,Kayla Wells missed Layup.,34,31,3,0,0.6338230808452237,Auburn,Texas A&M,4,5,0,0,NA,401091586,2019-01-24,
159,3,4:47,887,887,Unique Thompson Defensive Rebound.,34,31,3,4,0.6338230808452237,Auburn,Texas A&M,4,5,0,0,NA,401091586,2019-01-24,
160,3,4:43,883,883,Robyn Benton missed Three Point Jumper.,34,31,3,0,0.6340658421464885,Auburn,Texas A&M,4,5,0,0,NA,401091586,2019-01-24,
161,3,4:43,883,883,Unique Thompson Offensive Rebound.,34,31,3,2,0.6340658421464885,Auburn,Texas A&M,4,5,0,0,NA,401091586,2019-01-24,
162,3,4:41,881,881,Unique Thompson made Layup.,36,31,5,12,0.7144380024320947,Auburn,Texas A&M,4,5,0,0,NA,401091586,2019-01-24,Auburn
163,3,4:29,869,869,Foul on Erica Sanders.,36,31,5,0,0.7155066811593203,Auburn,Texas A&M,4,5,0,0,NA,401091586,2019-01-24,
164,3,4:29,869,869,Official TV Timeout,36,31,5,0,0.7155066811593203,Auburn,Texas A&M,4,5,0,0,NA,401091586,2019-01-24,
165,3,4:29,869,869,N'dea Jones made Free Throw.,36,32,4,0,0.6765200461626766,Auburn,Texas A&M,4,5,0,0,NA,401091586,2019-01-24,Texas A&M
166,3,4:29,869,869,N'dea Jones missed Free Throw.,36,32,4,0,0.6765200461626766,Auburn,Texas A&M,4,5,0,0,NA,401091586,2019-01-24,
167,3,4:29,869,869,Kayla Wells Offensive Rebound.,36,32,4,1,0.6765200461626766,Auburn,Texas A&M,4,5,0,0,NA,401091586,2019-01-24,
168,3,4:28,868,868,Official TV Timeout,36,31,5,3,0.7155961391638327,Auburn,Texas A&M,4,5,0,0,NA,401091586,2019-01-24,
169,3,4:25,865,865,Kayla Wells Turnover.,36,32,4,2,0.6768283882899653,Auburn,Texas A&M,4,5,0,0,NA,401091586,2019-01-24,Texas A&M
170,3,4:23,863,863,Erin Howard Steal.,36,32,4,23,0.676983201789361,Auburn,Texas A&M,4,5,0,0,NA,401091586,2019-01-24,
171,3,4:00,840,840,Daisa Alexander made Layup.,38,32,6,30,0.7544499156098158,Auburn,Texas A&M,4,5,0,0,NA,401091586,2019-01-24,Auburn
172,3,3:30,810,810,Ciera Johnson made Layup. Assisted by Kayla Wells.,38,34,4,17,0.6814404474094952,Auburn,Texas A&M,4,5,0,0,NA,401091586,2019-01-24,Texas A&M
173,3,3:13,793,793,Daisa Alexander Turnover.,38,34,4,2,0.6831126955226865,Auburn,Texas A&M,4,5,0,0,NA,401091586,2019-01-24,
174,3,3:11,791,791,N'dea Jones Steal.,38,34,4,12,0.683320255721984,Auburn,Texas A&M,4,5,0,0,NA,401091586,2019-01-24,
175,3,2:59,779,779,Chennedy Carter made Three Point Jumper.,38,37,1,15,0.548291624872937,Auburn,Texas A&M,4,5,0,0,NA,401091586,2019-01-24,Texas A&M
176,3,2:44,764,764,Erin Howard missed Jumper.,38,37,1,0,0.548798697215382,Auburn,Texas A&M,4,5,0,0,NA,401091586,2019-01-24,
177,3,2:44,764,764,Kayla Wells Block.,38,37,1,4,0.548798697215382,Auburn,Texas A&M,4,5,0,0,NA,401091586,2019-01-24,
178,3,2:40,760,760,Shambria Washington Defensive Rebound.,38,37,1,13,0.5489425627887882,Auburn,Texas A&M,4,5,0,0,NA,401091586,2019-01-24,
179,3,2:27,747,747,N'dea Jones missed Layup.,38,37,1,0,0.5494376008547901,Auburn,Texas A&M,4,5,0,0,NA,401091586,2019-01-24,
180,3,2:27,747,747,N'dea Jones Offensive Rebound.,38,37,1,3,0.5494376008547901,Auburn,Texas A&M,4,5,0,0,NA,401091586,2019-01-24,
181,3,2:24,744,744,N'dea Jones made Layup.,38,39,-1,6,0.450441875840281,Auburn,Texas A&M,4,5,0,0,NA,401091586,2019-01-24,Texas A&M
182,3,2:18,738,738,Auburn  Timeout,38,39,-1,9,0.45019336882672634,Auburn,Texas A&M,4,4,0,1,NA,401091586,2019-01-24,
183,3,2:09,729,729,Crystal Primm missed Jumper.,38,39,-1,0,0.4498014869034267,Auburn,Texas A&M,4,4,0,1,NA,401091586,2019-01-24,
184,3,2:09,729,729,Kayla Wells Defensive Rebound.,38,39,-1,14,0.4498014869034267,Auburn,Texas A&M,4,4,0,1,NA,401091586,2019-01-24,
185,3,1:55,715,715,Chennedy Carter made Three Point Jumper. Assisted by Kayla Wells.,38,42,-4,23,0.30674279951476074,Auburn,Texas A&M,4,4,0,1,NA,401091586,2019-01-24,Texas A&M
186,3,1:32,692,692,Janiah McKay missed Jumper.,38,42,-4,0,0.3038093298554439,Auburn,Texas A&M,4,4,0,1,NA,401091586,2019-01-24,
187,3,1:32,692,692,Texas A&M Deadball Team Rebound.,38,42,-4,1,0.3038093298554439,Auburn,Texas A&M,4,4,0,1,NA,401091586,2019-01-24,
188,3,1:31,691,691,Foul on Daisa Alexander.,38,42,-4,9,0.3036899033261831,Auburn,Texas A&M,4,4,0,1,NA,401091586,2019-01-24,
189,3,1:22,682,682,Shambria Washington Turnover.,38,42,-4,2,0.30263607780632107,Auburn,Texas A&M,4,4,0,1,NA,401091586,2019-01-24,
190,3,1:20,680,680,Crystal Primm Steal.,38,42,-4,2,0.3024062004176275,Auburn,Texas A&M,4,4,0,1,NA,401091586,2019-01-24,
191,3,1:18,678,678,Crystal Primm made Layup.,40,42,-2,12,0.3968817408964266,Auburn,Texas A&M,4,4,0,1,NA,401091586,2019-01-24,Auburn
192,3,1:06,666,666,Shambria Washington Turnover.,40,42,-2,2,0.39611241354594345,Auburn,Texas A&M,4,4,0,0,NA,401091586,2019-01-24,
193,3,1:04,664,664,Crystal Primm Steal.,40,42,-2,1,0.3959849322122027,Auburn,Texas A&M,4,4,0,0,NA,401091586,2019-01-24,
194,3,1:03,663,663,Foul on Shambria Washington.,40,42,-2,0,0.39592119171033296,Auburn,Texas A&M,4,4,0,0,NA,401091586,2019-01-24,
195,3,1:03,663,663,Crystal Primm made Free Throw.,41,42,-1,0,0.44738433050333154,Auburn,Texas A&M,4,4,0,0,NA,401091586,2019-01-24,Auburn
196,3,1:03,663,663,Crystal Primm made Free Throw.,42,42,0,7,0.5,Auburn,Texas A&M,4,4,0,0,NA,401091586,2019-01-24,Auburn
197,3,0:56,656,656,Kayla Wells made Jumper.,42,44,-2,28,0.39547402800908976,Auburn,Texas A&M,4,4,0,0,NA,401091586,2019-01-24,Texas A&M
198,3,0:28,628,628,Crystal Primm missed Jumper.,42,44,-2,0,0.39360640947548436,Auburn,Texas A&M,4,4,0,0,NA,401091586,2019-01-24,
199,3,0:28,628,628,N'dea Jones Defensive Rebound.,42,44,-2,13,0.39360640947548436,Auburn,Texas A&M,4,4,0,0,NA,401091586,2019-01-24,
200,3,0:15,615,615,Chennedy Carter made Three Point Jumper. Assisted by Ciera Johnson.,42,47,-5,14,0.2515337352051444,Auburn,Texas A&M,4,4,0,0,NA,401091586,2019-01-24,Texas A&M
201,3,0:01,601,601,Crystal Primm made Layup.,44,47,-3,1,0.34043450560078165,Auburn,Texas A&M,4,4,0,0,NA,401091586,2019-01-24,Auburn
202,3,0:00,600,600,End of 3rd Quarter,44,47,-3,10,0.3403142121083677,Auburn,Texas A&M,4,4,0,0,NA,401091586,2019-01-24,
203,4,9:50,590,590,Crystal Primm missed Jumper.,44,47,-3,0,0.3390572753260272,Auburn,Texas A&M,5,5,0,0,NA,401091586,2019-01-24,
204,4,9:50,590,590,N'dea Jones Defensive Rebound.,44,47,-3,12,0.3390572753260272,Auburn,Texas A&M,5,5,0,0,NA,401091586,2019-01-24,
205,4,9:38,578,578,Kayla Wells missed Jumper.,44,47,-3,0,0.3374049634525294,Auburn,Texas A&M,5,5,0,0,NA,401091586,2019-01-24,
206,4,9:38,578,578,Ciera Johnson Offensive Rebound.,44,47,-3,3,0.3374049634525294,Auburn,Texas A&M,5,5,0,0,NA,401091586,2019-01-24,
207,4,9:35,575,575,Foul on Unique Thompson.,44,47,-3,0,0.3369646986151017,Auburn,Texas A&M,5,5,0,0,NA,401091586,2019-01-24,
208,4,9:35,575,575,Ciera Johnson made Free Throw.,44,48,-4,0,0.28854384388066967,Auburn,Texas A&M,5,5,0,0,NA,401091586,2019-01-24,Texas A&M
209,4,9:35,575,575,Ciera Johnson missed Free Throw.,44,48,-4,0,0.28854384388066967,Auburn,Texas A&M,5,5,0,0,NA,401091586,2019-01-24,
210,4,9:35,575,575,Texas A&M Deadball Team Rebound.,44,48,-4,0,0.28854384388066967,Auburn,Texas A&M,5,5,0,0,NA,401091586,2019-01-24,
211,4,9:35,575,575,Foul on Crystal Primm.,44,48,-4,8,0.28854384388066967,Auburn,Texas A&M,5,5,0,0,NA,401091586,2019-01-24,
212,4,9:27,567,567,Kayla Wells missed Three Point Jumper.,44,48,-4,0,0.28703560565744196,Auburn,Texas A&M,5,5,0,0,NA,401091586,2019-01-24,
213,4,9:27,567,567,Jada Walton Offensive Rebound.,44,48,-4,4,0.28703560565744196,Auburn,Texas A&M,5,5,0,0,NA,401091586,2019-01-24,
214,4,9:23,563,563,Jada Walton missed Jumper.,44,48,-4,0,0.2862416173979074,Auburn,Texas A&M,5,5,0,0,NA,401091586,2019-01-24,
215,4,9:23,563,563,Kayla Wells Offensive Rebound.,44,48,-4,3,0.2862416173979074,Auburn,Texas A&M,5,5,0,0,NA,401091586,2019-01-24,
216,4,9:20,560,560,Kayla Wells made Layup.,44,50,-6,22,0.2018017155866714,Auburn,Texas A&M,5,5,0,0,NA,401091586,2019-01-24,Texas A&M
217,4,8:58,538,538,Unique Thompson Turnover.,44,50,-6,0,0.19628787243554832,Auburn,Texas A&M,5,5,0,0,NA,401091586,2019-01-24,
218,4,8:58,538,538,Chennedy Carter Steal.,44,50,-6,12,0.19628787243554832,Auburn,Texas A&M,5,5,0,0,NA,401091586,2019-01-24,
219,4,8:46,526,526,Ciera Johnson Turnover.,44,50,-6,0,0.19371230325705588,Auburn,Texas A&M,5,5,0,0,NA,401091586,2019-01-24,
220,4,8:46,526,526,Crystal Primm Steal.,44,50,-6,14,0.19371230325705588,Auburn,Texas A&M,5,5,0,0,NA,401091586,2019-01-24,
221,4,8:32,512,512,Janiah McKay missed Three Point Jumper.,44,50,-6,3,0.19100803546112918,Auburn,Texas A&M,5,5,0,0,NA,401091586,2019-01-24,
222,4,8:29,509,509,Daisa Alexander Offensive Rebound.,44,50,-6,2,0.19045195008019514,Auburn,Texas A&M,5,5,0,0,NA,401091586,2019-01-24,
223,4,8:27,507,507,Foul on N'dea Jones.,44,50,-6,0,0.19008346903972956,Auburn,Texas A&M,5,5,0,0,NA,401091586,2019-01-24,
224,4,8:27,507,507,Daisa Alexander missed Free Throw.,44,50,-6,0,0.19008346903972956,Auburn,Texas A&M,5,5,0,0,NA,401091586,2019-01-24,
225,4,8:27,507,507,Auburn Deadball Team Rebound.,44,50,-6,0,0.19008346903972956,Auburn,Texas A&M,5,5,0,0,NA,401091586,2019-01-24,
226,4,8:27,507,507,Daisa Alexander made Free Throw.,45,50,-5,6,0.23007461767280052,Auburn,Texas A&M,5,5,0,0,NA,401091586,2019-01-24,Auburn
227,4,8:21,501,501,Foul on Daisa Alexander.,45,50,-5,0,0.22901820439419593,Auburn,Texas A&M,5,5,0,0,NA,401091586,2019-01-24,
228,4,8:21,501,501,Chennedy Carter made Free Throw.,45,51,-6,0,0.18898239185800808,Auburn,Texas A&M,5,5,0,0,NA,401091586,2019-01-24,Texas A&M
229,4,8:21,501,501,Ciera Johnson Turnover.,45,51,-6,26,0.18898239185800808,Auburn,Texas A&M,5,5,0,0,NA,401091586,2019-01-24,
230,4,7:55,475,475,Robyn Benton made Three Point Jumper.,48,51,-3,8,0.32193482926420214,Auburn,Texas A&M,5,5,0,0,NA,401091586,2019-01-24,Auburn
231,4,7:47,467,467,Foul on Robyn Benton.,48,51,-3,16,0.32065519689631305,Auburn,Texas A&M,5,5,0,0,NA,401091586,2019-01-24,
232,4,7:31,451,451,Foul on Robyn Benton.,48,51,-3,0,0.3177060151323327,Auburn,Texas A&M,5,5,0,0,NA,401091586,2019-01-24,
233,4,7:31,451,451,Kayla Wells made Free Throw.,48,52,-4,0,0.2652003684121335,Auburn,Texas A&M,5,5,0,0,NA,401091586,2019-01-24,Texas A&M
234,4,7:31,451,451,Kayla Wells made Free Throw.,48,53,-5,13,0.21859203185087428,Auburn,Texas A&M,5,5,0,0,NA,401091586,2019-01-24,Texas A&M
235,4,7:18,438,438,Robyn Benton missed Three Point Jumper.,48,53,-5,0,0.21480827546853953,Auburn,Texas A&M,5,5,0,0,NA,401091586,2019-01-24,
236,4,7:18,438,438,Chennedy Carter Defensive Rebound.,48,53,-5,9,0.21480827546853953,Auburn,Texas A&M,5,5,0,0,NA,401091586,2019-01-24,
237,4,7:09,429,429,Kayla Wells made Layup.,48,55,-7,18,0.13707576635738958,Auburn,Texas A&M,5,5,0,0,NA,401091586,2019-01-24,Texas A&M
238,4,6:51,411,411,Unique Thompson missed Jumper.,48,55,-7,0,0.13133576868924512,Auburn,Texas A&M,5,5,0,0,NA,401091586,2019-01-24,
239,4,6:51,411,411,Ciera Johnson Defensive Rebound.,48,55,-7,23,0.13133576868924512,Auburn,Texas A&M,5,5,0,0,NA,401091586,2019-01-24,
240,4,6:28,388,388,Kayla Wells made Jumper.,48,57,-9,5,0.07552900198359888,Auburn,Texas A&M,5,5,0,0,NA,401091586,2019-01-24,Texas A&M
241,4,6:23,383,383,Auburn  Timeout,48,57,-9,8,0.07437592145013489,Auburn,Texas A&M,5,4,0,1,NA,401091586,2019-01-24,
242,4,6:15,375,375,Robyn Benton Turnover.,48,57,-9,2,0.07251819814773147,Auburn,Texas A&M,5,4,0,1,NA,401091586,2019-01-24,
243,4,6:13,373,373,Shambria Washington Steal.,48,57,-9,24,0.07204858879087572,Auburn,Texas A&M,5,4,0,1,NA,401091586,2019-01-24,
244,4,5:49,349,349,N'dea Jones missed Layup.,48,57,-9,0,0.06608531988925266,Auburn,Texas A&M,5,4,0,1,NA,401091586,2019-01-24,
245,4,5:49,349,349,N'dea Jones Offensive Rebound.,48,57,-9,1,0.06608531988925266,Auburn,Texas A&M,5,4,0,1,NA,401091586,2019-01-24,
246,4,5:48,348,348,Foul on Crystal Primm.,48,57,-9,0,0.06581920773399125,Auburn,Texas A&M,5,4,0,1,NA,401091586,2019-01-24,
247,4,5:48,348,348,N'dea Jones made Free Throw.,48,58,-10,0,0.04985436579871375,Auburn,Texas A&M,5,4,0,1,NA,401091586,2019-01-24,Texas A&M
248,4,5:48,348,348,N'dea Jones made Free Throw.,48,59,-11,18,0.03760600714065518,Auburn,Texas A&M,5,4,0,1,NA,401091586,2019-01-24,Texas A&M
249,4,5:30,330,330,Erica Sanders made Jumper.,50,59,-9,13,0.060714438390328106,Auburn,Texas A&M,5,4,0,1,NA,401091586,2019-01-24,Auburn
250,4,5:17,317,317,Foul on Abigayle Jackson.,50,59,-9,0,0.05662283226822643,Auburn,Texas A&M,5,4,0,0,NA,401091586,2019-01-24,
251,4,5:17,317,317,Chennedy Carter made Free Throw.,50,60,-10,0,0.04206292388253968,Auburn,Texas A&M,5,4,0,0,NA,401091586,2019-01-24,Texas A&M
252,4,5:17,317,317,Chennedy Carter made Free Throw.,50,61,-11,7,0.031123410820966202,Auburn,Texas A&M,5,4,0,0,NA,401091586,2019-01-24,Texas A&M
253,4,5:10,310,310,Daisa Alexander missed Three Point Jumper.,50,61,-11,1,0.02951265605203362,Auburn,Texas A&M,5,4,0,0,NA,401091586,2019-01-24,
254,4,5:09,309,309,N'dea Jones Defensive Rebound.,50,61,-11,4,0.029286765354738113,Auburn,Texas A&M,5,4,0,0,NA,401091586,2019-01-24,
255,4,5:05,305,305,N'dea Jones Turnover.,50,61,-11,1,0.028527837099971434,Auburn,Texas A&M,5,4,0,0,NA,401091586,2019-01-24,
256,4,5:04,304,304,Abigayle Jackson Steal.,50,61,-11,21,0.028371593928687943,Auburn,Texas A&M,5,4,0,0,NA,401091586,2019-01-24,
257,4,4:43,283,283,Janiah McKay made Layup.,52,61,-9,8,0.05111875564315584,Auburn,Texas A&M,5,4,0,0,NA,401091586,2019-01-24,Auburn
258,4,4:35,275,275,N'dea Jones missed Layup.,52,61,-9,0,0.05173723798344453,Auburn,Texas A&M,5,4,0,0,NA,401091586,2019-01-24,
259,4,4:35,275,275,Erica Sanders Defensive Rebound.,52,61,-9,10,0.05173723798344453,Auburn,Texas A&M,5,4,0,0,NA,401091586,2019-01-24,
260,4,4:25,265,265,Auburn  Timeout,52,61,-9,3,0.05297199904670758,Auburn,Texas A&M,5,3,0,1,NA,401091586,2019-01-24,
261,4,4:22,262,262,Foul on Chennedy Carter.,52,61,-9,9,0.05338979746428223,Auburn,Texas A&M,5,3,0,1,NA,401091586,2019-01-24,
262,4,4:13,253,253,Crystal Primm missed Jumper.,52,61,-9,0,0.054611750938432284,Auburn,Texas A&M,5,3,0,1,NA,401091586,2019-01-24,
263,4,4:13,253,253,Auburn Offensive Rebound.,52,61,-9,8,0.054611750938432284,Auburn,Texas A&M,5,3,0,1,NA,401091586,2019-01-24,
264,4,4:05,245,245,Daisa Alexander missed Jumper.,52,61,-9,0,0.05545913277380869,Auburn,Texas A&M,5,3,0,1,NA,401091586,2019-01-24,
265,4,4:05,245,245,Chennedy Carter Defensive Rebound.,52,61,-9,5,0.05545913277380869,Auburn,Texas A&M,5,3,0,1,NA,401091586,2019-01-24,
266,4,4:00,240,240,Chennedy Carter missed Jumper.,52,61,-9,0,0.05576581654159417,Auburn,Texas A&M,5,3,0,1,NA,401091586,2019-01-24,
267,4,4:00,240,240,N'dea Jones Offensive Rebound.,52,61,-9,4,0.05576581654159417,Auburn,Texas A&M,5,3,0,1,NA,401091586,2019-01-24,
268,4,3:56,236,236,N'dea Jones made Layup.,52,63,-11,16,0.030584840820487708,Auburn,Texas A&M,5,3,0,1,NA,401091586,2019-01-24,Texas A&M
269,4,3:40,220,220,Janiah McKay made Layup.,54,63,-9,11,0.05406444667599666,Auburn,Texas A&M,5,3,0,1,NA,401091586,2019-01-24,Auburn
270,4,3:29,209,209,Foul on Janiah McKay.,54,63,-9,0,0.05043949747127054,Auburn,Texas A&M,5,3,0,1,NA,401091586,2019-01-24,
271,4,3:29,209,209,Kayla Wells missed Free Throw.,54,63,-9,0,0.05043949747127054,Auburn,Texas A&M,5,3,0,1,NA,401091586,2019-01-24,
272,4,3:29,209,209,Texas A&M Deadball Team Rebound.,54,63,-9,0,0.05043949747127054,Auburn,Texas A&M,5,3,0,1,NA,401091586,2019-01-24,
273,4,3:29,209,209,Kayla Wells missed Free Throw.,54,63,-9,0,0.05043949747127054,Auburn,Texas A&M,5,3,0,1,NA,401091586,2019-01-24,
274,4,3:29,209,209,Unique Thompson Defensive Rebound.,54,63,-9,25,0.05043949747127054,Auburn,Texas A&M,5,3,0,1,NA,401091586,2019-01-24,
275,4,3:04,184,184,Daisa Alexander made Three Point Jumper. Assisted by Crystal Primm.,57,63,-6,14,0.09939227458184913,Auburn,Texas A&M,5,3,0,0,NA,401091586,2019-01-24,Auburn
276,4,2:50,170,170,Foul on Janiah McKay.,57,63,-6,0,0.08442293739532047,Auburn,Texas A&M,5,3,0,0,NA,401091586,2019-01-24,
277,4,2:50,170,170,Chennedy Carter made Free Throw.,57,64,-7,0,0.05835950601025773,Auburn,Texas A&M,5,3,0,0,NA,401091586,2019-01-24,Texas A&M
278,4,2:50,170,170,Chennedy Carter missed Free Throw.,57,64,-7,0,0.05835950601025773,Auburn,Texas A&M,5,3,0,0,NA,401091586,2019-01-24,
279,4,2:50,170,170,Unique Thompson Defensive Rebound.,57,64,-7,10,0.05835950601025773,Auburn,Texas A&M,5,3,0,0,NA,401091586,2019-01-24,
280,4,2:40,160,160,Daisa Alexander missed Three Point Jumper.,57,64,-7,0,0.0502459867642558,Auburn,Texas A&M,5,3,0,0,NA,401091586,2019-01-24,
281,4,2:40,160,160,Janiah McKay Offensive Rebound.,57,64,-7,4,0.0502459867642558,Auburn,Texas A&M,5,3,0,0,NA,401091586,2019-01-24,
282,4,2:36,156,156,Foul on Ciera Johnson.,57,64,-7,0,0.04717884778364343,Auburn,Texas A&M,5,3,0,0,NA,401091586,2019-01-24,
283,4,2:36,156,156,Janiah McKay made Free Throw.,58,64,-6,0,0.07069073567481558,Auburn,Texas A&M,5,3,0,0,NA,401091586,2019-01-24,Auburn
284,4,2:36,156,156,Janiah McKay made Free Throw.,59,64,-5,5,0.1046332017585435,Auburn,Texas A&M,5,3,0,0,NA,401091586,2019-01-24,Auburn
285,4,2:31,151,151,Foul on Erica Sanders.,59,64,-5,0,0.09904242441811974,Auburn,Texas A&M,5,3,0,0,NA,401091586,2019-01-24,
286,4,2:31,151,151,Chennedy Carter made Free Throw.,59,65,-6,0,0.06602033537629716,Auburn,Texas A&M,5,3,0,0,NA,401091586,2019-01-24,Texas A&M
287,4,2:31,151,151,Chennedy Carter missed Free Throw.,59,65,-6,0,0.06602033537629716,Auburn,Texas A&M,5,3,0,0,NA,401091586,2019-01-24,
288,4,2:31,151,151,Ciera Johnson Offensive Rebound.,59,65,-6,0,0.06602033537629716,Auburn,Texas A&M,5,3,0,0,NA,401091586,2019-01-24,
289,4,2:31,151,151,Ciera Johnson missed Layup.,59,65,-6,0,0.06602033537629716,Auburn,Texas A&M,5,3,0,0,NA,401091586,2019-01-24,
290,4,2:31,151,151,Chennedy Carter Offensive Rebound.,59,65,-6,6,0.06602033537629716,Auburn,Texas A&M,5,3,0,0,NA,401091586,2019-01-24,
291,4,2:25,145,145,Foul on Crystal Primm.,59,65,-6,0,0.060563704413335355,Auburn,Texas A&M,5,3,0,0,NA,401091586,2019-01-24,
292,4,2:25,145,145,Chennedy Carter missed Free Throw.,59,65,-6,0,0.060563704413335355,Auburn,Texas A&M,5,3,0,0,NA,401091586,2019-01-24,
293,4,2:25,145,145,Texas A&M Deadball Team Rebound.,59,65,-6,0,0.060563704413335355,Auburn,Texas A&M,5,3,0,0,NA,401091586,2019-01-24,
294,4,2:25,145,145,Chennedy Carter missed Free Throw.,59,65,-6,1,0.060563704413335355,Auburn,Texas A&M,5,3,0,0,NA,401091586,2019-01-24,
295,4,2:24,144,144,Crystal Primm Defensive Rebound.,59,65,-6,13,0.059669798955751543,Auburn,Texas A&M,5,3,0,0,NA,401091586,2019-01-24,
296,4,2:11,131,131,Daisa Alexander made Three Point Jumper. Assisted by Janiah McKay.,62,65,-3,0,0.18413385487703654,Auburn,Texas A&M,5,3,1,0,NA,401091586,2019-01-24,Auburn
297,4,2:11,131,131,Texas A&M  Timeout,62,65,-3,1,0.18413385487703654,Auburn,Texas A&M,4,3,1,0,NA,401091586,2019-01-24,
298,4,2:10,130,130,Kayla Wells Turnover.,62,65,-3,2,0.18277853923323098,Auburn,Texas A&M,4,3,1,0,NA,401091586,2019-01-24,
299,4,2:08,128,128,Janiah McKay Steal.,62,65,-3,0,0.18004997749707685,Auburn,Texas A&M,4,3,1,0,NA,401091586,2019-01-24,
300,4,2:08,128,128,Foul on Kayla Wells.,62,65,-3,0,0.18004997749707685,Auburn,Texas A&M,4,3,1,0,NA,401091586,2019-01-24,
301,4,2:08,128,128,Janiah McKay made Free Throw.,63,65,-2,0,0.26684823921369477,Auburn,Texas A&M,4,3,1,0,NA,401091586,2019-01-24,Auburn
302,4,2:08,128,128,Janiah McKay made Free Throw.,64,65,-1,27,0.376287438456774,Auburn,Texas A&M,4,3,1,0,NA,401091586,2019-01-24,Auburn
303,4,1:41,101,101,Kayla Wells Turnover.,64,65,-1,0,0.353859561698297,Auburn,Texas A&M,4,3,1,0,NA,401091586,2019-01-24,
304,4,1:41,101,101,Crystal Primm Steal.,64,65,-1,0,0.353859561698297,Auburn,Texas A&M,4,3,1,0,NA,401091586,2019-01-24,
305,4,1:41,101,101,Foul on N'dea Jones.,64,65,-1,0,0.353859561698297,Auburn,Texas A&M,4,3,1,0,NA,401091586,2019-01-24,
306,4,1:41,101,101,Crystal Primm made Free Throw.,65,65,0,0,0.5,Auburn,Texas A&M,4,3,1,0,NA,401091586,2019-01-24,Auburn
307,4,1:41,101,101,Crystal Primm missed Free Throw.,65,65,0,0,0.5,Auburn,Texas A&M,4,3,1,0,NA,401091586,2019-01-24,
308,4,1:41,101,101,Ciera Johnson Defensive Rebound.,65,65,0,9,0.5,Auburn,Texas A&M,4,3,1,0,NA,401091586,2019-01-24,
309,4,1:32,92,92,Chennedy Carter Turnover.,65,65,0,0,0.5,Auburn,Texas A&M,4,3,1,0,NA,401091586,2019-01-24,
310,4,1:32,92,92,Texas A&M  Timeout,65,65,0,15,0.5,Auburn,Texas A&M,3,3,1,0,NA,401091586,2019-01-24,
311,4,1:17,77,77,Daisa Alexander Turnover.,65,65,0,3,0.5,Auburn,Texas A&M,3,3,1,0,NA,401091586,2019-01-24,
312,4,1:14,74,74,Shambria Washington Steal.,65,65,0,21,0.5,Auburn,Texas A&M,3,3,1,0,NA,401091586,2019-01-24,
313,4,0:53,53,53,Foul on Erica Sanders.,65,65,0,0,0.5,Auburn,Texas A&M,3,3,1,0,NA,401091586,2019-01-24,
314,4,0:53,53,53,Chennedy Carter made Free Throw.,65,66,-1,0,0.3026242488262776,Auburn,Texas A&M,3,3,1,0,NA,401091586,2019-01-24,Texas A&M
315,4,0:53,53,53,Chennedy Carter missed Free Throw.,65,66,-1,0,0.3026242488262776,Auburn,Texas A&M,3,3,1,0,NA,401091586,2019-01-24,
316,4,0:53,53,53,Erica Sanders Defensive Rebound.,65,66,-1,29,0.3026242488262776,Auburn,Texas A&M,3,3,1,0,NA,401091586,2019-01-24,
317,4,0:24,24,24,Janiah McKay Turnover.,65,66,-1,0,0.26707099996022143,Auburn,Texas A&M,3,3,1,0,NA,401091586,2019-01-24,
318,4,0:24,24,24,Texas A&M  Timeout,65,66,-1,2,0.26707099996022143,Auburn,Texas A&M,2,3,1,0,NA,401091586,2019-01-24,
319,4,0:22,22,22,Foul on Unique Thompson.,65,66,-1,0,0.2645508105298305,Auburn,Texas A&M,2,3,1,1,NA,401091586,2019-01-24,
320,4,0:22,22,22,Kayla Wells missed Free Throw.,65,66,-1,0,0.2645508105298305,Auburn,Texas A&M,2,3,1,1,NA,401091586,2019-01-24,
321,4,0:22,22,22,Texas A&M Deadball Team Rebound.,65,66,-1,0,0.2645508105298305,Auburn,Texas A&M,2,3,1,1,NA,401091586,2019-01-24,
322,4,0:22,22,22,Kayla Wells made Free Throw.,65,67,-2,0,0.11456910423030577,Auburn,Texas A&M,2,3,1,1,NA,401091586,2019-01-24,Texas A&M
323,4,0:22,22,22,Auburn  Timeout,65,67,-2,5,0.11456910423030577,Auburn,Texas A&M,2,2,1,1,NA,401091586,2019-01-24,
324,4,0:17,17,17,Janiah McKay made Layup.,67,67,0,13,0.5,Auburn,Texas A&M,2,2,1,1,NA,401091586,2019-01-24,Auburn
325,4,0:04,4,4,Chennedy Carter made Jumper.,67,69,-2,4,0.09164079872259245,Auburn,Texas A&M,2,2,1,1,NA,401091586,2019-01-24,Texas A&M
326,4,0:00,0,0,End of Game,67,69,-2,0,4.248354255291589e-18,Auburn,Texas A&M,2,2,1,1,NA,401091586,2019-01-24,
