play_id,period,time_remaining_period,secs_remaining,secs_remaining_absolute,description,home_score,away_score,score_diff,play_length,win_prob,home,away,home_time_out_remaining,away_time_out_remaining,home_timeout_ind,away_timeout_ind,home_favored_by,game_id,date,whichScored
1,1,9:52,2392,2392,Payton Tennison made Three Point Jumper. Assisted by Jireh Washington.,0,0,0,21,0.5,Arkansas State,Central Baptist College,4,4,0,0,NA,401179612,2019-11-06,NA
2,1,9:31,2371,2371,Sierra Carrier missed Layup.,3,0,3,0,0.5667372195911224,Arkansas State,Central Baptist College,4,4,0,0,NA,401179612,2019-11-06,Arkansas State
3,1,9:31,2371,2371,Shameka Tubbs Block.,3,0,3,4,0.5667372195911224,Arkansas State,Central Baptist College,4,4,0,0,NA,401179612,2019-11-06,
4,1,9:27,2367,2367,Augustus Alexis Offensive Rebound.,3,0,3,2,0.5668642200525459,Arkansas State,Central Baptist College,4,4,0,0,NA,401179612,2019-11-06,
5,1,9:25,2365,2365,Kendra Cummings missed Jumper.,3,0,3,3,0.5669278414174524,Arkansas State,Central Baptist College,4,4,0,0,NA,401179612,2019-11-06,
6,1,9:22,2362,2362,Payton Tennison Defensive Rebound.,3,0,3,24,0.5670234231052643,Arkansas State,Central Baptist College,4,4,0,0,NA,401179612,2019-11-06,
7,1,8:58,2338,2338,Shameka Tubbs missed Jumper.,3,0,3,3,0.5677942937744409,Arkansas State,Central Baptist College,4,4,0,0,NA,401179612,2019-11-06,
8,1,8:55,2335,2335,Jireh Washington Offensive Rebound.,3,0,3,0,0.5678913977879856,Arkansas State,Central Baptist College,4,4,0,0,NA,401179612,2019-11-06,
9,1,8:55,2335,2335,Jireh Washington missed Jumper.,3,0,3,0,0.5678913977879856,Arkansas State,Central Baptist College,4,4,0,0,NA,401179612,2019-11-06,
10,1,8:55,2335,2335,Arkansas State Offensive Rebound.,3,0,3,0,0.5678913977879856,Arkansas State,Central Baptist College,4,4,0,0,NA,401179612,2019-11-06,
11,1,8:55,2335,2335,Arkansas State  Turnover.,3,0,3,24,0.5678913977879856,Arkansas State,Central Baptist College,4,4,0,0,NA,401179612,2019-11-06,
12,1,8:31,2311,2311,Holly Allen missed Jumper.,3,0,3,2,0.5686737568993776,Arkansas State,Central Baptist College,4,4,0,0,NA,401179612,2019-11-06,
13,1,8:29,2309,2309,Augustus Alexis Offensive Rebound.,3,0,3,1,0.5687393772072978,Arkansas State,Central Baptist College,4,4,0,0,NA,401179612,2019-11-06,
14,1,8:28,2308,2308,Foul on Peyton Martin.,3,0,3,0,0.5687722107427648,Arkansas State,Central Baptist College,4,4,0,0,NA,401179612,2019-11-06,
15,1,8:28,2308,2308,Kory Westerman made Free Throw.,3,1,2,0,0.5460100625768887,Arkansas State,Central Baptist College,4,4,0,0,NA,401179612,2019-11-06,Central Baptist College
16,1,8:28,2308,2308,Kory Westerman made Free Throw.,3,2,1,12,0.5230539385201218,Arkansas State,Central Baptist College,4,4,0,0,NA,401179612,2019-11-06,Central Baptist College
17,1,8:16,2296,2296,Jireh Washington Turnover.,3,2,1,12,0.5231879356419173,Arkansas State,Central Baptist College,4,4,0,0,NA,401179612,2019-11-06,
18,1,8:04,2284,2284,Kory Westerman made Three Point Jumper. Assisted by Holly Allen.,3,5,-2,13,0.45345593130374623,Arkansas State,Central Baptist College,4,4,0,0,NA,401179612,2019-11-06,Central Baptist College
19,1,7:51,2271,2271,Payton Tennison made Three Point Jumper. Assisted by Jireh Washington.,6,5,1,12,0.5234694092905685,Arkansas State,Central Baptist College,4,4,0,0,NA,401179612,2019-11-06,Arkansas State
20,1,7:39,2259,2259,Kendra Cummings missed Jumper.,6,5,1,3,0.523605531345516,Arkansas State,Central Baptist College,4,4,0,0,NA,401179612,2019-11-06,
21,1,7:36,2256,2256,Morgan Wallace Defensive Rebound.,6,5,1,2,0.523639656798127,Arkansas State,Central Baptist College,4,4,0,0,NA,401179612,2019-11-06,
22,1,7:34,2254,2254,Payton Tennison made Three Point Jumper. Assisted by Morgan Wallace.,9,5,4,28,0.5936033932607985,Arkansas State,Central Baptist College,4,4,0,0,NA,401179612,2019-11-06,Arkansas State
23,1,7:06,2226,2226,Augustus Alexis missed Jumper.,9,5,4,1,0.5948422040029784,Arkansas State,Central Baptist College,4,4,0,0,NA,401179612,2019-11-06,
24,1,7:05,2225,2225,Morgan Wallace Defensive Rebound.,9,5,4,14,0.5948866230282157,Arkansas State,Central Baptist College,4,4,0,0,NA,401179612,2019-11-06,
25,1,6:51,2211,2211,Payton Tennison Turnover.,9,5,4,0,0.5955096062437427,Arkansas State,Central Baptist College,4,4,0,0,NA,401179612,2019-11-06,
26,1,6:51,2211,2211,Holly Allen Steal.,9,5,4,5,0.5955096062437427,Arkansas State,Central Baptist College,4,4,0,0,NA,401179612,2019-11-06,
27,1,6:46,2206,2206,Holly Allen missed Jumper.,9,5,4,0,0.5957325727086845,Arkansas State,Central Baptist College,4,4,0,0,NA,401179612,2019-11-06,
28,1,6:46,2206,2206,Payton Tennison Block.,9,5,4,6,0.5957325727086845,Arkansas State,Central Baptist College,4,4,0,0,NA,401179612,2019-11-06,
29,1,6:40,2200,2200,Augustus Alexis Offensive Rebound.,9,5,4,0,0.5960004322513307,Arkansas State,Central Baptist College,4,4,0,0,NA,401179612,2019-11-06,
30,1,6:40,2200,2200,Augustus Alexis made Layup.,9,7,2,11,0.5484509368654422,Arkansas State,Central Baptist College,4,4,0,0,NA,401179612,2019-11-06,Central Baptist College
31,1,6:29,2189,2189,Payton Tennison Turnover.,9,7,2,0,0.5487039165106238,Arkansas State,Central Baptist College,4,4,0,0,NA,401179612,2019-11-06,
32,1,6:29,2189,2189,Kory Westerman Steal.,9,7,2,16,0.5487039165106238,Arkansas State,Central Baptist College,4,4,0,0,NA,401179612,2019-11-06,
33,1,6:13,2173,2173,Holly Allen Turnover.,9,7,2,0,0.5490728195846096,Arkansas State,Central Baptist College,4,4,0,0,NA,401179612,2019-11-06,
34,1,6:13,2173,2173,Kayla Williams Steal.,9,7,2,7,0.5490728195846096,Arkansas State,Central Baptist College,4,4,0,0,NA,401179612,2019-11-06,
35,1,6:06,2166,2166,Payton Tennison made Three Point Jumper. Assisted by Starr Taylor.,12,7,5,0,0.6210355833302809,Arkansas State,Central Baptist College,4,4,0,1,NA,401179612,2019-11-06,Arkansas State
36,1,6:06,2166,2166,Central Baptist  Timeout,12,7,5,0,0.6210355833302809,Arkansas State,Central Baptist College,4,3,0,1,NA,401179612,2019-11-06,
37,1,6:06,2166,2166,Official TV Timeout,12,7,5,24,0.6210355833302809,Arkansas State,Central Baptist College,4,3,0,1,NA,401179612,2019-11-06,
38,1,5:42,2142,2142,Holly Allen missed Jumper.,12,7,5,0,0.6223591232279481,Arkansas State,Central Baptist College,4,3,0,1,NA,401179612,2019-11-06,
39,1,5:42,2142,2142,Kayla Williams Block.,12,7,5,4,0.6223591232279481,Arkansas State,Central Baptist College,4,3,0,1,NA,401179612,2019-11-06,
40,1,5:38,2138,2138,Kayla Williams Defensive Rebound.,12,7,5,3,0.622580619091764,Arkansas State,Central Baptist College,4,3,0,1,NA,401179612,2019-11-06,
41,1,5:35,2135,2135,Jada Ford Turnover.,12,7,5,0,0.6227469190831108,Arkansas State,Central Baptist College,4,3,0,1,NA,401179612,2019-11-06,
42,1,5:35,2135,2135,Augustus Alexis Steal.,12,7,5,9,0.6227469190831108,Arkansas State,Central Baptist College,4,3,0,1,NA,401179612,2019-11-06,
43,1,5:26,2126,2126,Sierra Carrier made Layup.,12,9,3,11,0.5749341082739277,Arkansas State,Central Baptist College,4,3,0,1,NA,401179612,2019-11-06,Central Baptist College
44,1,5:15,2115,2115,Peyton Martin missed Jumper.,12,9,3,3,0.5753169132918322,Arkansas State,Central Baptist College,4,3,0,1,NA,401179612,2019-11-06,
45,1,5:12,2112,2112,Kory Westerman Defensive Rebound.,12,9,3,18,0.575421584960564,Arkansas State,Central Baptist College,4,3,0,1,NA,401179612,2019-11-06,
46,1,4:54,2094,2094,Sierra Carrier made Layup. Assisted by Kendra Cummings.,12,11,1,15,0.5255267644046429,Arkansas State,Central Baptist College,4,3,0,0,NA,401179612,2019-11-06,Central Baptist College
47,1,4:39,2079,2079,Trinitee Jackson missed Jumper.,12,11,1,4,0.5257068055140488,Arkansas State,Central Baptist College,4,3,0,0,NA,401179612,2019-11-06,
48,1,4:35,2075,2075,Kendra Cummings Defensive Rebound.,12,11,1,18,0.5257550141175334,Arkansas State,Central Baptist College,4,3,0,0,NA,401179612,2019-11-06,
49,1,4:17,2057,2057,Holly Allen missed Three Point Jumper.,12,11,1,3,0.5259730242636912,Arkansas State,Central Baptist College,4,3,0,0,NA,401179612,2019-11-06,
50,1,4:14,2054,2054,Payton Tennison Defensive Rebound.,12,11,1,9,0.5260095342158724,Arkansas State,Central Baptist College,4,3,0,0,NA,401179612,2019-11-06,
51,1,4:05,2045,2045,Trinitee Jackson missed Layup.,12,11,1,0,0.526119373149165,Arkansas State,Central Baptist College,4,3,0,0,NA,401179612,2019-11-06,
52,1,4:05,2045,2045,Trinitee Jackson Offensive Rebound.,12,11,1,0,0.526119373149165,Arkansas State,Central Baptist College,4,3,0,0,NA,401179612,2019-11-06,
53,1,4:05,2045,2045,Foul on Kory Westerman.,12,11,1,0,0.526119373149165,Arkansas State,Central Baptist College,4,3,0,0,NA,401179612,2019-11-06,
54,1,4:05,2045,2045,Trinitee Jackson made Free Throw.,13,11,2,0,0.5520965806367524,Arkansas State,Central Baptist College,4,3,0,0,NA,401179612,2019-11-06,Arkansas State
55,1,4:05,2045,2045,Trinitee Jackson missed Free Throw.,13,11,2,0,0.5520965806367524,Arkansas State,Central Baptist College,4,3,0,0,NA,401179612,2019-11-06,
56,1,4:05,2045,2045,Chrishey Wilkes Defensive Rebound.,13,11,2,21,0.5520965806367524,Arkansas State,Central Baptist College,4,3,0,0,NA,401179612,2019-11-06,
57,1,3:44,2024,2024,Kendra Cummings made Layup.,13,13,0,11,0.5,Arkansas State,Central Baptist College,4,3,0,0,NA,401179612,2019-11-06,Central Baptist College
58,1,3:33,2013,2013,Jada Ford Turnover.,13,13,0,0,0.5,Arkansas State,Central Baptist College,4,3,0,0,NA,401179612,2019-11-06,
59,1,3:33,2013,2013,Aaliyah Cash Steal.,13,13,0,18,0.5,Arkansas State,Central Baptist College,4,3,0,0,NA,401179612,2019-11-06,
60,1,3:15,1995,1995,Augustus Alexis missed Jumper.,13,13,0,3,0.5,Arkansas State,Central Baptist College,4,3,0,0,NA,401179612,2019-11-06,
61,1,3:12,1992,1992,Jireh Washington Defensive Rebound.,13,13,0,7,0.5,Arkansas State,Central Baptist College,4,3,0,0,NA,401179612,2019-11-06,
62,1,3:05,1985,1985,Jada Ford made Three Point Jumper. Assisted by Jireh Washington.,16,13,3,24,0.5799778985854955,Arkansas State,Central Baptist College,4,3,0,0,NA,401179612,2019-11-06,Arkansas State
63,1,2:41,1961,1961,Aaliyah Cash Turnover.,16,13,3,0,0.5808709411419503,Arkansas State,Central Baptist College,4,3,0,0,NA,401179612,2019-11-06,
64,1,2:41,1961,1961,Jada Ford Steal.,16,13,3,4,0.5808709411419503,Arkansas State,Central Baptist College,4,3,0,0,NA,401179612,2019-11-06,
65,1,2:37,1957,1957,Foul on Holly Allen.,16,13,3,0,0.5810209106794497,Arkansas State,Central Baptist College,4,3,0,0,NA,401179612,2019-11-06,
66,1,2:37,1957,1957,Jada Ford missed Free Throw.,16,13,3,0,0.5810209106794497,Arkansas State,Central Baptist College,4,3,0,0,NA,401179612,2019-11-06,
67,1,2:37,1957,1957,Arkansas State Offensive Rebound.,16,13,3,0,0.5810209106794497,Arkansas State,Central Baptist College,4,3,0,0,NA,401179612,2019-11-06,
68,1,2:37,1957,1957,Jada Ford made Free Throw.,17,13,4,19,0.6072946033622159,Arkansas State,Central Baptist College,4,3,0,0,NA,401179612,2019-11-06,Arkansas State
69,1,2:18,1938,1938,Foul on Peyton Martin.,17,13,4,3,0.608230903948103,Arkansas State,Central Baptist College,4,3,0,0,NA,401179612,2019-11-06,
70,1,2:15,1935,1935,Kory Westerman made Layup. Assisted by Aaliyah Cash.,17,15,2,15,0.5548417430415424,Arkansas State,Central Baptist College,4,3,0,0,NA,401179612,2019-11-06,Central Baptist College
71,1,2:00,1920,1920,Jireh Washington Turnover.,17,15,2,13,0.5552282092553373,Arkansas State,Central Baptist College,4,3,0,0,NA,401179612,2019-11-06,
72,1,1:47,1907,1907,Augustus Alexis missed Jumper.,17,15,2,4,0.5555626387093998,Arkansas State,Central Baptist College,4,3,0,0,NA,401179612,2019-11-06,
73,1,1:43,1903,1903,Morgan Wallace Defensive Rebound.,17,15,2,4,0.5556654586854471,Arkansas State,Central Baptist College,4,3,0,0,NA,401179612,2019-11-06,
74,1,1:39,1899,1899,Payton Tennison made Three Point Jumper. Assisted by Morgan Wallace.,20,15,5,26,0.6364554532588337,Arkansas State,Central Baptist College,4,3,0,0,NA,401179612,2019-11-06,Arkansas State
75,1,1:13,1873,1873,Augustus Alexis missed Jumper.,20,15,5,4,0.6380201681050249,Arkansas State,Central Baptist College,4,3,0,0,NA,401179612,2019-11-06,
76,1,1:09,1869,1869,Morgan Wallace Defensive Rebound.,20,15,5,3,0.638260981257985,Arkansas State,Central Baptist College,4,3,0,0,NA,401179612,2019-11-06,
77,1,1:06,1866,1866,Payton Tennison made Three Point Jumper. Assisted by Morgan Wallace.,23,15,8,25,0.712953287194322,Arkansas State,Central Baptist College,4,3,0,0,NA,401179612,2019-11-06,Arkansas State
78,1,0:41,1841,1841,Aaliyah Cash Turnover.,23,15,8,0,0.7150906579128565,Arkansas State,Central Baptist College,4,3,0,0,NA,401179612,2019-11-06,
79,1,0:41,1841,1841,Morgan Wallace Steal.,23,15,8,6,0.7150906579128565,Arkansas State,Central Baptist College,4,3,0,0,NA,401179612,2019-11-06,
80,1,0:35,1835,1835,Peyton Martin made Layup. Assisted by Morgan Wallace.,25,15,10,1,0.7601409276304898,Arkansas State,Central Baptist College,4,3,0,0,NA,401179612,2019-11-06,Arkansas State
81,1,0:34,1834,1834,Central Baptist  Timeout,25,15,10,21,0.7602368891737407,Arkansas State,Central Baptist College,4,2,0,1,NA,401179612,2019-11-06,
82,1,0:13,1813,1813,Kory Westerman missed Jumper.,25,15,10,3,0.7622550138117407,Arkansas State,Central Baptist College,4,2,0,1,NA,401179612,2019-11-06,
83,1,0:10,1810,1810,Kory Westerman Offensive Rebound.,25,15,10,1,0.7625439331474314,Arkansas State,Central Baptist College,4,2,0,1,NA,401179612,2019-11-06,
84,1,0:09,1809,1809,Kory Westerman missed Jumper.,25,15,10,1,0.7626402825599624,Arkansas State,Central Baptist College,4,2,0,1,NA,401179612,2019-11-06,
85,1,0:08,1808,1808,Morgan Wallace Defensive Rebound.,25,15,10,0,0.7627366543246825,Arkansas State,Central Baptist College,4,2,0,1,NA,401179612,2019-11-06,
86,1,0:08,1808,1808,Foul on Kory Westerman.,25,15,10,8,0.7627366543246825,Arkansas State,Central Baptist College,4,2,0,1,NA,401179612,2019-11-06,
87,1,0:00,1800,1800,Jireh Washington missed Jumper.,25,15,10,0,0.7635084954020187,Arkansas State,Central Baptist College,4,2,0,1,NA,401179612,2019-11-06,
88,1,0:00,1800,1800,Kory Westerman Defensive Rebound.,25,15,10,0,0.7635084954020187,Arkansas State,Central Baptist College,4,2,0,1,NA,401179612,2019-11-06,
89,1,0:00,1800,1800,End of 1st Quarter,25,15,10,5,0.7635084954020187,Arkansas State,Central Baptist College,4,2,0,1,NA,401179612,2019-11-06,
90,2,9:55,1795,1795,Jireh Washington Turnover.,25,15,10,18,0.7639917570907669,Arkansas State,Central Baptist College,4,3,0,0,NA,401179612,2019-11-06,
91,2,9:37,1777,1777,Kory Westerman missed Jumper.,25,15,10,3,0.7657380767629122,Arkansas State,Central Baptist College,4,3,0,0,NA,401179612,2019-11-06,
92,2,9:34,1774,1774,Morgan Wallace Defensive Rebound.,25,15,10,14,0.7660302690023747,Arkansas State,Central Baptist College,4,3,0,0,NA,401179612,2019-11-06,
93,2,9:20,1760,1760,Shameka Tubbs made Jumper. Assisted by Payton Tennison.,27,15,12,27,0.8072777335734557,Arkansas State,Central Baptist College,4,3,0,0,NA,401179612,2019-11-06,Arkansas State
94,2,8:53,1733,1733,Kory Westerman missed Layup.,27,15,12,0,0.8100625325441079,Arkansas State,Central Baptist College,4,3,0,0,NA,401179612,2019-11-06,
95,2,8:53,1733,1733,Kayla Williams Block.,27,15,12,0,0.8100625325441079,Arkansas State,Central Baptist College,4,3,0,0,NA,401179612,2019-11-06,
96,2,8:53,1733,1733,Central Baptist Offensive Rebound.,27,15,12,3,0.8100625325441079,Arkansas State,Central Baptist College,4,3,0,0,NA,401179612,2019-11-06,
97,2,8:50,1730,1730,Kendra Cummings missed Jumper.,27,15,12,3,0.8103740638351405,Arkansas State,Central Baptist College,4,3,0,0,NA,401179612,2019-11-06,
98,2,8:47,1727,1727,Jireh Washington Defensive Rebound.,27,15,12,8,0.8106860630680579,Arkansas State,Central Baptist College,4,3,0,0,NA,401179612,2019-11-06,
99,2,8:39,1719,1719,Shameka Tubbs Turnover.,27,15,12,11,0.8115204421924331,Arkansas State,Central Baptist College,4,3,0,0,NA,401179612,2019-11-06,
100,2,8:28,1708,1708,Foul on Shameka Tubbs.,27,15,12,1,0.8126737125174975,Arkansas State,Central Baptist College,4,3,0,0,NA,401179612,2019-11-06,
101,2,8:27,1707,1707,Sierra Carrier Turnover.,27,15,12,0,0.8127789174147836,Arkansas State,Central Baptist College,4,3,0,0,NA,401179612,2019-11-06,
102,2,8:27,1707,1707,Jireh Washington Steal.,27,15,12,6,0.8127789174147836,Arkansas State,Central Baptist College,4,3,0,0,NA,401179612,2019-11-06,
103,2,8:21,1701,1701,Jireh Washington missed Layup.,27,15,12,4,0.813411469162479,Arkansas State,Central Baptist College,4,3,0,0,NA,401179612,2019-11-06,
104,2,8:17,1697,1697,Augustus Alexis Defensive Rebound.,27,15,12,0,0.8138344612207647,Arkansas State,Central Baptist College,4,3,0,0,NA,401179612,2019-11-06,
105,2,8:17,1697,1697,Foul on Jireh Washington.,27,15,12,13,0.8138344612207647,Arkansas State,Central Baptist College,4,3,0,0,NA,401179612,2019-11-06,
106,2,8:04,1684,1684,Holly Allen Turnover.,27,15,12,23,0.8152115165407825,Arkansas State,Central Baptist College,4,3,0,0,NA,401179612,2019-11-06,
107,2,7:41,1661,1661,Hailee Erickson missed Three Point Jumper.,27,15,12,2,0.8175777214868598,Arkansas State,Central Baptist College,4,3,0,0,NA,401179612,2019-11-06,
108,2,7:39,1659,1659,Holly Allen Defensive Rebound.,27,15,12,0,0.8177791628028704,Arkansas State,Central Baptist College,4,3,0,0,NA,401179612,2019-11-06,
109,2,7:39,1659,1659,Foul on Mya Love.,27,15,12,19,0.8177791628028704,Arkansas State,Central Baptist College,4,3,0,0,NA,401179612,2019-11-06,
110,2,7:20,1640,1640,Holly Allen missed Three Point Jumper.,27,15,12,4,0.8196646376196302,Arkansas State,Central Baptist College,4,3,0,0,NA,401179612,2019-11-06,
111,2,7:16,1636,1636,Kendra Cummings Offensive Rebound.,27,15,12,5,0.8200558721369504,Arkansas State,Central Baptist College,4,3,0,0,NA,401179612,2019-11-06,
112,2,7:11,1631,1631,Augustus Alexis missed Three Point Jumper.,27,15,12,3,0.8205425557322886,Arkansas State,Central Baptist College,4,3,0,0,NA,401179612,2019-11-06,
113,2,7:08,1628,1628,Alaina Ellis Defensive Rebound.,27,15,12,21,0.820833404987627,Arkansas State,Central Baptist College,4,3,0,0,NA,401179612,2019-11-06,
114,2,6:47,1607,1607,Foul on Mya Love.,27,15,12,5,0.8228498534477379,Arkansas State,Central Baptist College,4,3,0,0,NA,401179612,2019-11-06,
115,2,6:42,1602,1602,Sierra Carrier missed Jumper.,27,15,12,3,0.8233261732373509,Arkansas State,Central Baptist College,4,3,0,0,NA,401179612,2019-11-06,
116,2,6:39,1599,1599,Morgan Wallace Defensive Rebound.,27,15,12,4,0.8236114922043499,Arkansas State,Central Baptist College,4,3,0,0,NA,401179612,2019-11-06,
117,2,6:35,1595,1595,Starr Taylor missed Jumper.,27,15,12,3,0.823991473481374,Arkansas State,Central Baptist College,4,3,0,0,NA,401179612,2019-11-06,
118,2,6:32,1592,1592,Sierra Carrier Defensive Rebound.,27,15,12,0,0.8242761933244932,Arkansas State,Central Baptist College,4,3,0,0,NA,401179612,2019-11-06,
119,2,6:32,1592,1592,Foul on Trinitee Jackson.,27,15,12,0,0.8242761933244932,Arkansas State,Central Baptist College,4,3,0,0,NA,401179612,2019-11-06,
120,2,6:32,1592,1592,Sierra Carrier made Free Throw.,27,16,11,0,0.8048351408443616,Arkansas State,Central Baptist College,4,3,0,0,NA,401179612,2019-11-06,Central Baptist College
121,2,6:32,1592,1592,Sierra Carrier made Free Throw.,27,17,10,18,0.7838073714502127,Arkansas State,Central Baptist College,4,3,0,0,NA,401179612,2019-11-06,Central Baptist College
122,2,6:14,1574,1574,Hailee Erickson made Three Point Jumper. Assisted by Jada Ford.,30,17,13,18,0.843856106151295,Arkansas State,Central Baptist College,4,3,0,0,NA,401179612,2019-11-06,Arkansas State
123,2,5:56,1556,1556,Alaina Ellis missed Three Point Jumper.,30,17,13,4,0.8455545493399098,Arkansas State,Central Baptist College,4,3,0,0,NA,401179612,2019-11-06,
124,2,5:52,1552,1552,Starr Taylor Defensive Rebound.,30,17,13,4,0.8459334138372737,Arkansas State,Central Baptist College,4,3,0,0,NA,401179612,2019-11-06,
125,2,5:48,1548,1548,Hailee Erickson missed Three Point Jumper.,30,17,13,5,0.8463130428273646,Arkansas State,Central Baptist College,4,3,0,0,NA,401179612,2019-11-06,
126,2,5:43,1543,1543,Morgan Wallace Offensive Rebound.,30,17,13,0,0.8467888224779676,Arkansas State,Central Baptist College,4,3,0,0,NA,401179612,2019-11-06,
127,2,5:43,1543,1543,Foul on Alaina Ellis.,30,17,13,0,0.8467888224779676,Arkansas State,Central Baptist College,4,3,0,0,NA,401179612,2019-11-06,
128,2,5:43,1543,1543,Trinitee Jackson made Free Throw.,31,17,14,0,0.8630840023186741,Arkansas State,Central Baptist College,4,3,0,0,NA,401179612,2019-11-06,Arkansas State
129,2,5:43,1543,1543,Trinitee Jackson made Free Throw.,32,17,15,12,0.8778959747060889,Arkansas State,Central Baptist College,4,3,0,0,NA,401179612,2019-11-06,Arkansas State
130,2,5:31,1531,1531,Alaina Ellis missed Three Point Jumper.,32,17,15,5,0.8789902507617603,Arkansas State,Central Baptist College,4,3,0,0,NA,401179612,2019-11-06,
131,2,5:26,1526,1526,Trinitee Jackson Defensive Rebound.,32,17,15,5,0.8794488988630661,Arkansas State,Central Baptist College,4,3,0,0,NA,401179612,2019-11-06,
132,2,5:21,1521,1521,Jada Ford missed Three Point Jumper.,32,17,15,4,0.8799094159426261,Arkansas State,Central Baptist College,4,3,0,0,NA,401179612,2019-11-06,
133,2,5:17,1517,1517,Peyton Martin Offensive Rebound.,32,17,15,9,0.8802793013732481,Arkansas State,Central Baptist College,4,3,0,0,NA,401179612,2019-11-06,
134,2,5:08,1508,1508,Peyton Martin missed Jumper.,32,17,15,4,0.8811168439997419,Arkansas State,Central Baptist College,4,3,0,0,NA,401179612,2019-11-06,
135,2,5:04,1504,1504,Peyton Martin Offensive Rebound.,32,17,15,0,0.8814916540099996,Arkansas State,Central Baptist College,4,3,0,0,NA,401179612,2019-11-06,
136,2,5:04,1504,1504,Peyton Martin Turnover.,32,17,15,9,0.8814916540099996,Arkansas State,Central Baptist College,4,3,0,0,NA,401179612,2019-11-06,
137,2,4:55,1495,1495,Foul on Hailee Erickson.,32,17,15,0,0.8823413630303342,Arkansas State,Central Baptist College,4,3,0,0,NA,401179612,2019-11-06,
138,2,4:55,1495,1495,Official TV Timeout,32,17,15,0,0.8823413630303342,Arkansas State,Central Baptist College,4,3,0,0,NA,401179612,2019-11-06,
139,2,4:55,1495,1495,Alaina Ellis made Free Throw.,32,18,14,0,0.8676653384366245,Arkansas State,Central Baptist College,4,3,0,0,NA,401179612,2019-11-06,Central Baptist College
140,2,4:55,1495,1495,Alaina Ellis made Free Throw.,32,19,13,11,0.8514668780187238,Arkansas State,Central Baptist College,4,3,0,0,NA,401179612,2019-11-06,Central Baptist College
141,2,4:44,1484,1484,Trinitee Jackson made Layup. Assisted by Jireh Washington.,34,19,15,0,0.883393112369855,Arkansas State,Central Baptist College,4,3,0,0,NA,401179612,2019-11-06,Arkansas State
142,2,4:44,1484,1484,Foul on Holly Allen.,34,19,15,0,0.883393112369855,Arkansas State,Central Baptist College,4,3,0,0,NA,401179612,2019-11-06,
143,2,4:44,1484,1484,Trinitee Jackson made Free Throw.,35,19,16,24,0.8965957866941227,Arkansas State,Central Baptist College,4,3,0,0,NA,401179612,2019-11-06,Arkansas State
144,2,4:20,1460,1460,Kory Westerman made Jumper.,35,21,14,15,0.8711848514811446,Arkansas State,Central Baptist College,4,3,0,0,NA,401179612,2019-11-06,Central Baptist College
145,2,4:05,1445,1445,Jireh Washington missed Three Point Jumper.,35,21,14,4,0.8727500737467047,Arkansas State,Central Baptist College,4,3,0,0,NA,401179612,2019-11-06,
146,2,4:01,1441,1441,Peyton Martin Offensive Rebound.,35,21,14,0,0.8731623848465193,Arkansas State,Central Baptist College,4,3,0,0,NA,401179612,2019-11-06,
147,2,4:01,1441,1441,Peyton Martin made Layup.,37,21,16,18,0.9006811460540417,Arkansas State,Central Baptist College,4,3,0,0,NA,401179612,2019-11-06,Arkansas State
148,2,3:43,1423,1423,Alaina Ellis missed Three Point Jumper.,37,21,16,0,0.9023419203250422,Arkansas State,Central Baptist College,4,3,0,0,NA,401179612,2019-11-06,
149,2,3:43,1423,1423,Payton Tennison Block.,37,21,16,2,0.9023419203250422,Arkansas State,Central Baptist College,4,3,0,0,NA,401179612,2019-11-06,
150,2,3:41,1421,1421,Trinitee Jackson Defensive Rebound.,37,21,16,0,0.9025216733178129,Arkansas State,Central Baptist College,4,3,0,0,NA,401179612,2019-11-06,
151,2,3:41,1421,1421,Foul on Sierra Carrier.,37,21,16,13,0.9025216733178129,Arkansas State,Central Baptist College,4,3,0,0,NA,401179612,2019-11-06,
152,2,3:28,1408,1408,Payton Tennison made Three Point Jumper. Assisted by Jireh Washington.,40,21,19,13,0.9345293109656162,Arkansas State,Central Baptist College,4,3,0,0,NA,401179612,2019-11-06,Arkansas State
153,2,3:15,1395,1395,Whitney Green Turnover.,40,21,19,15,0.9354618633025711,Arkansas State,Central Baptist College,4,3,0,0,NA,401179612,2019-11-06,
154,2,3:00,1380,1380,Payton Tennison missed Three Point Jumper.,40,21,19,4,0.9365110733646047,Arkansas State,Central Baptist College,4,3,0,0,NA,401179612,2019-11-06,
155,2,2:56,1376,1376,Kory Westerman Defensive Rebound.,40,21,19,6,0.936787001580351,Arkansas State,Central Baptist College,4,3,0,0,NA,401179612,2019-11-06,
156,2,2:50,1370,1370,Foul on Jireh Washington.,40,21,19,0,0.9371984343027604,Arkansas State,Central Baptist College,4,3,0,0,NA,401179612,2019-11-06,
157,2,2:50,1370,1370,Kory Westerman made Free Throw.,40,22,18,0,0.9282861635726712,Arkansas State,Central Baptist College,4,3,0,0,NA,401179612,2019-11-06,Central Baptist College
158,2,2:50,1370,1370,Kory Westerman made Free Throw.,40,23,17,9,0.9182195014822014,Arkansas State,Central Baptist College,4,3,0,0,NA,401179612,2019-11-06,Central Baptist College
159,2,2:41,1361,1361,Foul on Whitney Green.,40,23,17,8,0.9189192533068518,Arkansas State,Central Baptist College,4,3,0,0,NA,401179612,2019-11-06,
160,2,2:33,1353,1353,Jada Ford made Three Point Jumper. Assisted by Payton Tennison.,43,23,20,22,0.946139134827903,Arkansas State,Central Baptist College,4,3,0,0,NA,401179612,2019-11-06,Arkansas State
161,2,2:11,1331,1331,Augustus Alexis made Layup.,43,25,18,10,0.9311126411500915,Arkansas State,Central Baptist College,4,3,0,0,NA,401179612,2019-11-06,Central Baptist College
162,2,2:01,1321,1321,Foul on Augustus Alexis.,43,25,18,0,0.9318366623847929,Arkansas State,Central Baptist College,4,3,0,0,NA,401179612,2019-11-06,
163,2,2:01,1321,1321,Trinitee Jackson missed Free Throw.,43,25,18,0,0.9318366623847929,Arkansas State,Central Baptist College,4,3,0,0,NA,401179612,2019-11-06,
164,2,2:01,1321,1321,Arkansas State Offensive Rebound.,43,25,18,1,0.9318366623847929,Arkansas State,Central Baptist College,4,3,0,0,NA,401179612,2019-11-06,
165,2,2:00,1320,1320,Trinitee Jackson missed Free Throw.,43,25,18,2,0.9319092418738371,Arkansas State,Central Baptist College,4,3,0,0,NA,401179612,2019-11-06,
166,2,1:58,1318,1318,Sierra Carrier Defensive Rebound.,43,25,18,6,0.9320545235512151,Arkansas State,Central Baptist College,4,3,0,0,NA,401179612,2019-11-06,
167,2,1:52,1312,1312,Augustus Alexis missed Layup.,43,25,18,0,0.9324914908913411,Arkansas State,Central Baptist College,4,3,0,0,NA,401179612,2019-11-06,
168,2,1:52,1312,1312,Payton Tennison Block.,43,25,18,6,0.9324914908913411,Arkansas State,Central Baptist College,4,3,0,0,NA,401179612,2019-11-06,
169,2,1:46,1306,1306,Kory Westerman Offensive Rebound.,43,25,18,2,0.9329304643880706,Arkansas State,Central Baptist College,4,3,0,0,NA,401179612,2019-11-06,
170,2,1:44,1304,1304,Sierra Carrier missed Layup.,43,25,18,0,0.9330773050642337,Arkansas State,Central Baptist College,4,3,0,0,NA,401179612,2019-11-06,
171,2,1:44,1304,1304,Trinitee Jackson Defensive Rebound.,43,25,18,0,0.9330773050642337,Arkansas State,Central Baptist College,4,3,0,0,NA,401179612,2019-11-06,
172,2,1:44,1304,1304,Foul on Sierra Carrier.,43,25,18,0,0.9330773050642337,Arkansas State,Central Baptist College,4,3,0,0,NA,401179612,2019-11-06,
173,2,1:44,1304,1304,Trinitee Jackson made Free Throw.,44,25,19,1,0.941658884929591,Arkansas State,Central Baptist College,4,3,0,0,NA,401179612,2019-11-06,Arkansas State
174,2,1:43,1303,1303,Trinitee Jackson missed Free Throw.,44,25,19,3,0.9417271626684753,Arkansas State,Central Baptist College,4,3,0,0,NA,401179612,2019-11-06,
175,2,1:40,1300,1300,Chrishey Wilkes Defensive Rebound.,44,25,19,12,0.9419323745291687,Arkansas State,Central Baptist College,4,3,0,0,NA,401179612,2019-11-06,
176,2,1:28,1288,1288,Kendra Cummings missed Jumper.,44,25,19,5,0.942759684686581,Arkansas State,Central Baptist College,4,3,0,0,NA,401179612,2019-11-06,
177,2,1:23,1283,1283,Augustus Alexis Offensive Rebound.,44,25,19,3,0.9431078974989681,Arkansas State,Central Baptist College,4,3,0,0,NA,401179612,2019-11-06,
178,2,1:20,1280,1280,Kory Westerman missed Layup.,44,25,19,0,0.9433179357758792,Arkansas State,Central Baptist College,4,3,0,0,NA,401179612,2019-11-06,
179,2,1:20,1280,1280,Trinitee Jackson Block.,44,25,19,4,0.9433179357758792,Arkansas State,Central Baptist College,4,3,0,0,NA,401179612,2019-11-06,
180,2,1:16,1276,1276,Trinitee Jackson Defensive Rebound.,44,25,19,2,0.9435993648913219,Arkansas State,Central Baptist College,4,3,0,0,NA,401179612,2019-11-06,
181,2,1:14,1274,1274,Foul on Starr Taylor.,44,25,19,0,0.9437406959270415,Arkansas State,Central Baptist College,4,3,0,0,NA,401179612,2019-11-06,
182,2,1:14,1274,1274,Starr Taylor Turnover.,44,25,19,11,0.9437406959270415,Arkansas State,Central Baptist College,4,3,0,0,NA,401179612,2019-11-06,
183,2,1:03,1263,1263,Augustus Alexis missed Jumper.,44,25,19,3,0.9445259254148153,Arkansas State,Central Baptist College,4,3,0,0,NA,401179612,2019-11-06,
184,2,1:00,1260,1260,Shameka Tubbs Defensive Rebound.,44,25,19,3,0.9447425516510218,Arkansas State,Central Baptist College,4,3,0,0,NA,401179612,2019-11-06,
185,2,0:57,1257,1257,Foul on Whitney Green.,44,25,19,0,0.9449603034241032,Arkansas State,Central Baptist College,4,3,0,0,NA,401179612,2019-11-06,
186,2,0:57,1257,1257,Payton Tennison made Free Throw.,45,25,20,0,0.9522443579327156,Arkansas State,Central Baptist College,4,3,0,0,NA,401179612,2019-11-06,Arkansas State
187,2,0:57,1257,1257,Payton Tennison made Free Throw.,46,25,21,32,0.958606654009143,Arkansas State,Central Baptist College,4,3,0,0,NA,401179612,2019-11-06,Arkansas State
188,2,0:25,1225,1225,Chrishey Wilkes Turnover.,46,25,21,0,0.9606253666031551,Arkansas State,Central Baptist College,4,3,0,0,NA,401179612,2019-11-06,
189,2,0:25,1225,1225,Starr Taylor Steal.,46,25,21,5,0.9606253666031551,Arkansas State,Central Baptist College,4,3,0,0,NA,401179612,2019-11-06,
190,2,0:20,1220,1220,Payton Tennison missed Layup.,46,25,21,2,0.9609516266308831,Arkansas State,Central Baptist College,4,3,0,0,NA,401179612,2019-11-06,
191,2,0:18,1218,1218,Starr Taylor Offensive Rebound.,46,25,21,2,0.9610830134020758,Arkansas State,Central Baptist College,4,3,0,0,NA,401179612,2019-11-06,
192,2,0:16,1216,1216,Jada Ford missed Three Point Jumper.,46,25,21,3,0.9612149115704913,Arkansas State,Central Baptist College,4,3,0,0,NA,401179612,2019-11-06,
193,2,0:13,1213,1213,Starr Taylor Offensive Rebound.,46,25,21,2,0.9614137272751132,Arkansas State,Central Baptist College,4,3,0,0,NA,401179612,2019-11-06,
194,2,0:11,1211,1211,Payton Tennison missed Three Point Jumper.,46,25,21,3,0.9615469228129051,Arkansas State,Central Baptist College,4,3,0,0,NA,401179612,2019-11-06,
195,2,0:08,1208,1208,Kendra Cummings Defensive Rebound.,46,25,21,5,0.961746916732397,Arkansas State,Central Baptist College,4,3,0,0,NA,401179612,2019-11-06,
196,2,0:03,1203,1203,Kendra Cummings made Jumper.,46,27,19,3,0.9490947617454893,Arkansas State,Central Baptist College,4,3,0,0,NA,401179612,2019-11-06,Central Baptist College
197,2,0:00,1200,1200,End of 2nd Quarter,46,27,19,8,0.9493274924441191,Arkansas State,Central Baptist College,4,3,0,0,NA,401179612,2019-11-06,
198,3,9:52,1192,1192,Augustus Alexis Turnover.,46,27,19,0,0.949936696965759,Arkansas State,Central Baptist College,5,4,0,0,NA,401179612,2019-11-06,
199,3,9:52,1192,1192,Payton Tennison Steal.,46,27,19,4,0.949936696965759,Arkansas State,Central Baptist College,5,4,0,0,NA,401179612,2019-11-06,
200,3,9:48,1188,1188,Peyton Martin made Layup. Assisted by Payton Tennison.,48,27,21,19,0.9630262010988166,Arkansas State,Central Baptist College,5,4,0,0,NA,401179612,2019-11-06,Arkansas State
201,3,9:29,1169,1169,Augustus Alexis made Layup.,48,29,19,17,0.95160843899185,Arkansas State,Central Baptist College,5,4,0,0,NA,401179612,2019-11-06,Central Baptist College
202,3,9:12,1152,1152,Peyton Martin made Jumper.,50,29,21,18,0.9651401413808259,Arkansas State,Central Baptist College,5,4,0,0,NA,401179612,2019-11-06,Arkansas State
203,3,8:54,1134,1134,Aaliyah Cash missed Three Point Jumper.,50,29,21,4,0.9661351883340155,Arkansas State,Central Baptist College,5,4,0,0,NA,401179612,2019-11-06,
204,3,8:50,1130,1130,Morgan Wallace Defensive Rebound.,50,29,21,4,0.9663525470005303,Arkansas State,Central Baptist College,5,4,0,0,NA,401179612,2019-11-06,
205,3,8:46,1126,1126,Payton Tennison missed Three Point Jumper.,50,29,21,3,0.9665688114587552,Arkansas State,Central Baptist College,5,4,0,0,NA,401179612,2019-11-06,
206,3,8:43,1123,1123,Kory Westerman Defensive Rebound.,50,29,21,0,0.9667303645781029,Arkansas State,Central Baptist College,5,4,0,1,NA,401179612,2019-11-06,
207,3,8:43,1123,1123,Central Baptist  Timeout,50,29,21,0,0.9667303645781029,Arkansas State,Central Baptist College,5,3,0,1,NA,401179612,2019-11-06,
208,3,8:43,1123,1123,Official TV Timeout,50,29,21,12,0.9667303645781029,Arkansas State,Central Baptist College,5,3,0,1,NA,401179612,2019-11-06,
209,3,8:31,1111,1111,Aaliyah Cash Turnover.,50,29,21,0,0.9673720877631328,Arkansas State,Central Baptist College,5,3,0,1,NA,401179612,2019-11-06,
210,3,8:31,1111,1111,Payton Tennison Steal.,50,29,21,5,0.9673720877631328,Arkansas State,Central Baptist College,5,3,0,1,NA,401179612,2019-11-06,
211,3,8:26,1106,1106,Payton Tennison missed Layup.,50,29,21,5,0.9676378508980098,Arkansas State,Central Baptist College,5,3,0,1,NA,401179612,2019-11-06,
212,3,8:21,1101,1101,Morgan Wallace missed Layup.,50,29,21,0,0.9679029699325578,Arkansas State,Central Baptist College,5,3,0,1,NA,401179612,2019-11-06,
213,3,8:21,1101,1101,Morgan Wallace Offensive Rebound.,50,29,21,2,0.9679029699325578,Arkansas State,Central Baptist College,5,3,0,1,NA,401179612,2019-11-06,
214,3,8:19,1099,1099,Peyton Martin missed Layup.,50,29,21,0,0.9680088826457722,Arkansas State,Central Baptist College,5,3,0,1,NA,401179612,2019-11-06,
215,3,8:19,1099,1099,Peyton Martin Offensive Rebound.,50,29,21,3,0.9680088826457722,Arkansas State,Central Baptist College,5,3,0,1,NA,401179612,2019-11-06,
216,3,8:16,1096,1096,Jireh Washington Offensive Rebound.,50,29,21,0,0.9681676467262426,Arkansas State,Central Baptist College,5,3,0,1,NA,401179612,2019-11-06,
217,3,8:16,1096,1096,Jireh Washington missed Layup.,50,29,21,4,0.9681676467262426,Arkansas State,Central Baptist College,5,3,0,1,NA,401179612,2019-11-06,
218,3,8:12,1092,1092,Morgan Wallace Offensive Rebound.,50,29,21,0,0.968379201013031,Arkansas State,Central Baptist College,5,3,0,1,NA,401179612,2019-11-06,
219,3,8:12,1092,1092,Morgan Wallace missed Layup.,50,29,21,2,0.968379201013031,Arkansas State,Central Baptist College,5,3,0,1,NA,401179612,2019-11-06,
220,3,8:10,1090,1090,Kory Westerman Defensive Rebound.,50,29,21,6,0.9684849491880316,Arkansas State,Central Baptist College,5,3,0,1,NA,401179612,2019-11-06,
221,3,8:04,1084,1084,Sierra Carrier missed Layup.,50,29,21,0,0.9688022191802554,Arkansas State,Central Baptist College,5,3,0,1,NA,401179612,2019-11-06,
222,3,8:04,1084,1084,Shameka Tubbs Block.,50,29,21,4,0.9688022191802554,Arkansas State,Central Baptist College,5,3,0,1,NA,401179612,2019-11-06,
223,3,8:00,1080,1080,Peyton Martin Defensive Rebound.,50,29,21,6,0.9690138680115643,Arkansas State,Central Baptist College,5,3,0,1,NA,401179612,2019-11-06,
224,3,7:54,1074,1074,Peyton Martin missed Jumper.,50,29,21,1,0.9693317651826971,Arkansas State,Central Baptist College,5,3,0,1,NA,401179612,2019-11-06,
225,3,7:53,1073,1073,Shameka Tubbs Offensive Rebound.,50,29,21,4,0.9693848146030687,Arkansas State,Central Baptist College,5,3,0,1,NA,401179612,2019-11-06,
226,3,7:49,1069,1069,Morgan Wallace missed Three Point Jumper.,50,29,21,3,0.9695972497971267,Arkansas State,Central Baptist College,5,3,0,1,NA,401179612,2019-11-06,
227,3,7:46,1066,1066,Morgan Wallace Offensive Rebound.,50,29,21,2,0.9697568606534053,Arkansas State,Central Baptist College,5,3,0,1,NA,401179612,2019-11-06,
228,3,7:44,1064,1064,Jireh Washington Turnover.,50,29,21,13,0.9698634217219073,Arkansas State,Central Baptist College,5,3,0,1,NA,401179612,2019-11-06,
229,3,7:31,1051,1051,Sierra Carrier missed Three Point Jumper.,50,29,21,4,0.9705597491083627,Arkansas State,Central Baptist College,5,3,0,0,NA,401179612,2019-11-06,
230,3,7:27,1047,1047,Kendra Cummings Offensive Rebound.,50,29,21,3,0.970775524419533,Arkansas State,Central Baptist College,5,3,0,0,NA,401179612,2019-11-06,
231,3,7:24,1044,1044,Kendra Cummings made Layup.,50,31,19,0,0.9598692221879682,Arkansas State,Central Baptist College,5,3,0,0,NA,401179612,2019-11-06,Central Baptist College
232,3,7:24,1044,1044,Foul on Morgan Wallace.,50,31,19,1,0.9598692221879682,Arkansas State,Central Baptist College,5,3,0,0,NA,401179612,2019-11-06,
233,3,7:23,1043,1043,Kendra Cummings missed Free Throw.,50,31,19,1,0.9599362131800697,Arkansas State,Central Baptist College,5,3,0,0,NA,401179612,2019-11-06,
234,3,7:22,1042,1042,Jireh Washington Defensive Rebound.,50,31,19,9,0.9600032873537486,Arkansas State,Central Baptist College,5,3,0,0,NA,401179612,2019-11-06,
235,3,7:13,1033,1033,Kayla Williams missed Jumper.,50,31,19,4,0.9606108966167491,Arkansas State,Central Baptist College,5,3,0,0,NA,401179612,2019-11-06,
236,3,7:09,1029,1029,Kayla Williams Offensive Rebound.,50,31,19,0,0.9608833626507898,Arkansas State,Central Baptist College,5,3,0,0,NA,401179612,2019-11-06,
237,3,7:09,1029,1029,Kayla Williams made Layup.,52,31,21,13,0.9717576724535447,Arkansas State,Central Baptist College,5,3,0,0,NA,401179612,2019-11-06,Arkansas State
238,3,6:56,1016,1016,Holly Allen missed Three Point Jumper.,52,31,21,3,0.9724803762560538,Arkansas State,Central Baptist College,5,3,0,0,NA,401179612,2019-11-06,
239,3,6:53,1013,1013,Jireh Washington Defensive Rebound.,52,31,21,5,0.9726489502257571,Arkansas State,Central Baptist College,5,3,0,0,NA,401179612,2019-11-06,
240,3,6:48,1008,1008,Kayla Williams made Three Point Jumper. Assisted by Jireh Washington.,55,31,24,21,0.9835953343140573,Arkansas State,Central Baptist College,5,3,0,0,NA,401179612,2019-11-06,Arkansas State
241,3,6:27,987,987,Kendra Cummings missed Layup.,55,31,24,3,0.9844391990083964,Arkansas State,Central Baptist College,5,3,0,0,NA,401179612,2019-11-06,
242,3,6:24,984,984,Hailee Erickson Defensive Rebound.,55,31,24,4,0.9845614318422844,Arkansas State,Central Baptist College,5,3,0,0,NA,401179612,2019-11-06,
243,3,6:20,980,980,Jada Ford made Three Point Jumper. Assisted by Hailee Erickson.,58,31,27,25,0.9908691060582858,Arkansas State,Central Baptist College,5,3,0,0,NA,401179612,2019-11-06,Arkansas State
244,3,5:55,955,955,Holly Allen Turnover.,58,31,27,0,0.9915406002282583,Arkansas State,Central Baptist College,5,3,0,0,NA,401179612,2019-11-06,
245,3,5:55,955,955,Shameka Tubbs Steal.,58,31,27,5,0.9915406002282583,Arkansas State,Central Baptist College,5,3,0,0,NA,401179612,2019-11-06,
246,3,5:50,950,950,Shameka Tubbs made Layup. Assisted by Jireh Washington.,60,31,29,0,0.9941321334714005,Arkansas State,Central Baptist College,5,3,0,0,NA,401179612,2019-11-06,Arkansas State
247,3,5:50,950,950,Foul on Chrishey Wilkes.,60,31,29,0,0.9941321334714005,Arkansas State,Central Baptist College,5,3,0,0,NA,401179612,2019-11-06,
248,3,5:50,950,950,Shameka Tubbs made Free Throw.,61,31,30,11,0.9950792312799426,Arkansas State,Central Baptist College,5,3,0,0,NA,401179612,2019-11-06,Arkansas State
249,3,5:39,939,939,Alaina Ellis Turnover.,61,31,30,7,0.9952424880386223,Arkansas State,Central Baptist College,5,3,0,0,NA,401179612,2019-11-06,
250,3,5:32,932,932,Foul on Kayla Williams.,61,31,30,0,0.9953394720869848,Arkansas State,Central Baptist College,5,3,0,0,NA,401179612,2019-11-06,
251,3,5:32,932,932,Kayla Williams Turnover.,61,31,30,17,0.9953394720869848,Arkansas State,Central Baptist College,5,3,0,0,NA,401179612,2019-11-06,
252,3,5:15,915,915,Alaina Ellis missed Jumper.,61,31,30,3,0.9955568094882374,Arkansas State,Central Baptist College,5,3,0,0,NA,401179612,2019-11-06,
253,3,5:12,912,912,Trinitee Jackson Defensive Rebound.,61,31,30,7,0.9955929156379338,Arkansas State,Central Baptist College,5,3,0,0,NA,401179612,2019-11-06,
254,3,5:05,905,905,Kayla Williams missed Jumper.,61,31,30,2,0.9956749998277181,Arkansas State,Central Baptist College,5,3,0,0,NA,401179612,2019-11-06,
255,3,5:03,903,903,Trinitee Jackson Offensive Rebound.,61,31,30,0,0.9956979448998234,Arkansas State,Central Baptist College,5,3,0,0,NA,401179612,2019-11-06,
256,3,5:03,903,903,Trinitee Jackson made Layup.,63,31,32,0,0.9970034955347055,Arkansas State,Central Baptist College,5,3,0,0,NA,401179612,2019-11-06,Arkansas State
257,3,5:03,903,903,Foul on Chrishey Wilkes.,63,31,32,0,0.9970034955347055,Arkansas State,Central Baptist College,5,3,0,0,NA,401179612,2019-11-06,
258,3,5:03,903,903,Trinitee Jackson missed Free Throw.,63,31,32,0,0.9970034955347055,Arkansas State,Central Baptist College,5,3,0,0,NA,401179612,2019-11-06,
259,3,5:03,903,903,Jada Ford Offensive Rebound.,63,31,32,8,0.9970034955347055,Arkansas State,Central Baptist College,5,3,0,0,NA,401179612,2019-11-06,
260,3,4:55,895,895,Jada Ford missed Three Point Jumper.,63,31,32,5,0.9970702653578607,Arkansas State,Central Baptist College,5,3,0,0,NA,401179612,2019-11-06,
261,3,4:50,890,890,Trinitee Jackson Offensive Rebound.,63,31,32,0,0.9971109105403559,Arkansas State,Central Baptist College,5,3,0,0,NA,401179612,2019-11-06,
262,3,4:50,890,890,Trinitee Jackson Turnover.,63,31,32,0,0.9971109105403559,Arkansas State,Central Baptist College,5,3,0,0,NA,401179612,2019-11-06,
263,3,4:50,890,890,Official TV Timeout,63,31,32,13,0.9971109105403559,Arkansas State,Central Baptist College,5,3,0,0,NA,401179612,2019-11-06,
264,3,4:37,877,877,Alaina Ellis missed Three Point Jumper.,63,31,32,1,0.9972135525381965,Arkansas State,Central Baptist College,5,3,0,0,NA,401179612,2019-11-06,
265,3,4:36,876,876,Holly Allen Offensive Rebound.,63,31,32,0,0.9972213021054203,Arkansas State,Central Baptist College,5,3,0,0,NA,401179612,2019-11-06,
266,3,4:36,876,876,Foul on Jada Ford.,63,31,32,10,0.9972213021054203,Arkansas State,Central Baptist College,5,3,0,0,NA,401179612,2019-11-06,
267,3,4:26,866,866,Holly Allen missed Three Point Jumper.,63,31,32,3,0.9972979785922497,Arkansas State,Central Baptist College,5,3,0,0,NA,401179612,2019-11-06,
268,3,4:23,863,863,Starr Taylor Defensive Rebound.,63,31,32,3,0.9973207540631822,Arkansas State,Central Baptist College,5,3,0,0,NA,401179612,2019-11-06,
269,3,4:20,860,860,Hailee Erickson missed Three Point Jumper.,63,31,32,3,0.9973434562010701,Arkansas State,Central Baptist College,5,3,0,0,NA,401179612,2019-11-06,
270,3,4:17,857,857,Holly Allen Defensive Rebound.,63,31,32,9,0.9973661018474528,Arkansas State,Central Baptist College,5,3,0,0,NA,401179612,2019-11-06,
271,3,4:08,848,848,Macey Decker missed Jumper.,63,31,32,4,0.9974338592434379,Arkansas State,Central Baptist College,5,3,0,0,NA,401179612,2019-11-06,
272,3,4:04,844,844,Trinitee Jackson Defensive Rebound.,63,31,32,5,0.9974639642123513,Arkansas State,Central Baptist College,5,3,0,0,NA,401179612,2019-11-06,
273,3,3:59,839,839,Jada Ford made Three Point Jumper. Assisted by Hailee Erickson.,66,31,35,1,0.9985735707884827,Arkansas State,Central Baptist College,5,3,0,0,NA,401179612,2019-11-06,Arkansas State
274,3,3:58,838,838,Foul on Trinitee Jackson.,66,31,35,24,0.9985782909724318,Arkansas State,Central Baptist College,5,3,0,0,NA,401179612,2019-11-06,
275,3,3:34,814,814,Macey Decker missed Three Point Jumper.,66,31,35,0,0.998692744783237,Arkansas State,Central Baptist College,5,3,0,0,NA,401179612,2019-11-06,
276,3,3:34,814,814,Kayla Williams Block.,66,31,35,5,0.998692744783237,Arkansas State,Central Baptist College,5,3,0,0,NA,401179612,2019-11-06,
277,3,3:29,809,809,Kendra Cummings Offensive Rebound.,66,31,35,0,0.9987170244651551,Arkansas State,Central Baptist College,5,3,0,0,NA,401179612,2019-11-06,
278,3,3:29,809,809,Kendra Cummings made Layup.,66,33,33,23,0.9981242569911419,Arkansas State,Central Baptist College,5,3,0,0,NA,401179612,2019-11-06,Central Baptist College
279,3,3:06,786,786,Trinitee Jackson missed Layup.,66,33,33,5,0.9982823122814932,Arkansas State,Central Baptist College,5,3,0,0,NA,401179612,2019-11-06,
280,3,3:01,781,781,Trinitee Jackson Offensive Rebound.,66,33,33,0,0.9983176886057346,Arkansas State,Central Baptist College,5,3,0,0,NA,401179612,2019-11-06,
281,3,3:01,781,781,Trinitee Jackson missed Layup.,66,33,33,2,0.9983176886057346,Arkansas State,Central Baptist College,5,3,0,0,NA,401179612,2019-11-06,
282,3,2:59,779,779,Trinitee Jackson Offensive Rebound.,66,33,33,0,0.99833194454904,Arkansas State,Central Baptist College,5,3,0,0,NA,401179612,2019-11-06,
283,3,2:59,779,779,Trinitee Jackson missed Layup.,66,33,33,1,0.99833194454904,Arkansas State,Central Baptist College,5,3,0,0,NA,401179612,2019-11-06,
284,3,2:58,778,778,Trinitee Jackson Offensive Rebound.,66,33,33,0,0.9983390951116334,Arkansas State,Central Baptist College,5,3,0,0,NA,401179612,2019-11-06,
285,3,2:58,778,778,Trinitee Jackson made Layup.,68,33,35,0,0.9988723962914801,Arkansas State,Central Baptist College,5,3,0,0,NA,401179612,2019-11-06,Arkansas State
286,3,2:58,778,778,Foul on Alaina Ellis.,68,33,35,2,0.9988723962914801,Arkansas State,Central Baptist College,5,3,0,0,NA,401179612,2019-11-06,
287,3,2:56,776,776,Trinitee Jackson missed Free Throw.,68,33,35,0,0.9988827291254292,Arkansas State,Central Baptist College,5,3,0,0,NA,401179612,2019-11-06,
288,3,2:56,776,776,Chrishey Wilkes Defensive Rebound.,68,33,35,0,0.9988827291254292,Arkansas State,Central Baptist College,5,3,0,0,NA,401179612,2019-11-06,
289,3,2:56,776,776,Foul on Shameka Tubbs.,68,33,35,0,0.9988827291254292,Arkansas State,Central Baptist College,5,3,0,0,NA,401179612,2019-11-06,
290,3,2:56,776,776,Chrishey Wilkes missed Free Throw.,68,33,35,0,0.9988827291254292,Arkansas State,Central Baptist College,5,3,0,0,NA,401179612,2019-11-06,
291,3,2:56,776,776,Central Baptist Offensive Rebound.,68,33,35,0,0.9988827291254292,Arkansas State,Central Baptist College,5,3,0,0,NA,401179612,2019-11-06,
292,3,2:56,776,776,Chrishey Wilkes made Free Throw.,68,34,34,11,0.9986436275301297,Arkansas State,Central Baptist College,5,3,0,0,NA,401179612,2019-11-06,Central Baptist College
293,3,2:45,765,765,Peyton Martin made Layup.,70,34,36,0,0.9991284011234469,Arkansas State,Central Baptist College,5,3,0,0,NA,401179612,2019-11-06,Arkansas State
294,3,2:45,765,765,Foul on Chrishey Wilkes.,70,34,36,0,0.9991284011234469,Arkansas State,Central Baptist College,5,3,0,0,NA,401179612,2019-11-06,
295,3,2:45,765,765,Peyton Martin made Free Throw.,71,34,37,20,0.9992831913206944,Arkansas State,Central Baptist College,5,3,0,0,NA,401179612,2019-11-06,Arkansas State
296,3,2:25,745,745,Macey Decker made Three Point Jumper.,71,37,34,19,0.9988381181046547,Arkansas State,Central Baptist College,5,3,0,0,NA,401179612,2019-11-06,Central Baptist College
297,3,2:06,726,726,Foul on Macey Decker.,71,37,34,0,0.9989606342459512,Arkansas State,Central Baptist College,5,3,0,0,NA,401179612,2019-11-06,
298,3,2:06,726,726,Jireh Washington made Free Throw.,72,37,35,0,0.9991505806479304,Arkansas State,Central Baptist College,5,3,0,0,NA,401179612,2019-11-06,Arkansas State
299,3,2:06,726,726,Jireh Washington made Free Throw.,73,37,36,19,0.9993058380443156,Arkansas State,Central Baptist College,5,3,0,0,NA,401179612,2019-11-06,Arkansas State
300,3,1:47,707,707,Holly Allen made Three Point Jumper. Assisted by Macey Decker.,73,40,33,28,0.9988518065698241,Arkansas State,Central Baptist College,5,3,0,0,NA,401179612,2019-11-06,Central Baptist College
301,3,1:19,679,679,Foul on Augustus Alexis.,73,40,33,0,0.9989936012943285,Arkansas State,Central Baptist College,5,3,0,0,NA,401179612,2019-11-06,
302,3,1:19,679,679,Jireh Washington made Free Throw.,74,40,34,1,0.9991833411935647,Arkansas State,Central Baptist College,5,3,0,0,NA,401179612,2019-11-06,Arkansas State
303,3,1:18,678,678,Jireh Washington missed Free Throw.,74,40,34,1,0.9991870876294777,Arkansas State,Central Baptist College,5,3,0,0,NA,401179612,2019-11-06,
304,3,1:17,677,677,Macey Decker Defensive Rebound.,74,40,34,17,0.9991908088094541,Arkansas State,Central Baptist College,5,3,0,0,NA,401179612,2019-11-06,
305,3,1:00,660,660,Augustus Alexis missed Layup.,74,40,34,5,0.9992509259327105,Arkansas State,Central Baptist College,5,3,0,0,NA,401179612,2019-11-06,
306,3,0:55,655,655,Chrishey Wilkes Offensive Rebound.,74,40,34,3,0.9992677625845007,Arkansas State,Central Baptist College,5,3,0,0,NA,401179612,2019-11-06,
307,3,0:52,652,652,Kendra Cummings missed Three Point Jumper.,74,40,34,3,0.9992777408640656,Arkansas State,Central Baptist College,5,3,0,0,NA,401179612,2019-11-06,
308,3,0:49,649,649,Jireh Washington Defensive Rebound.,74,40,34,0,0.9992876440327512,Arkansas State,Central Baptist College,5,3,0,0,NA,401179612,2019-11-06,
309,3,0:49,649,649,Jireh Washington Turnover.,74,40,34,0,0.9992876440327512,Arkansas State,Central Baptist College,5,3,0,0,NA,401179612,2019-11-06,
310,3,0:49,649,649,Kendra Cummings Steal.,74,40,34,5,0.9992876440327512,Arkansas State,Central Baptist College,5,3,0,0,NA,401179612,2019-11-06,
311,3,0:44,644,644,Kendra Cummings missed Jumper.,74,40,34,2,0.9993040188652965,Arkansas State,Central Baptist College,5,3,0,0,NA,401179612,2019-11-06,
312,3,0:42,642,642,Augustus Alexis Offensive Rebound.,74,40,34,0,0.999310534032885,Arkansas State,Central Baptist College,5,3,0,1,NA,401179612,2019-11-06,
313,3,0:42,642,642,Kendra Cummings made Layup. Assisted by Augustus Alexis.,74,42,32,0,0.9989424399264822,Arkansas State,Central Baptist College,5,3,0,1,NA,401179612,2019-11-06,Central Baptist College
314,3,0:42,642,642,Arkansas State  Timeout,74,42,32,28,0.9989424399264822,Arkansas State,Central Baptist College,5,2,0,1,NA,401179612,2019-11-06,
315,3,0:14,614,614,Jireh Washington missed Jumper.,74,42,32,4,0.999074290895343,Arkansas State,Central Baptist College,5,2,0,1,NA,401179612,2019-11-06,
316,3,0:10,610,610,Morgan Wallace Offensive Rebound.,74,42,32,0,0.9990934807673416,Arkansas State,Central Baptist College,5,2,0,1,NA,401179612,2019-11-06,
317,3,0:10,610,610,Morgan Wallace missed Layup.,74,42,32,1,0.9990934807673416,Arkansas State,Central Baptist College,5,2,0,1,NA,401179612,2019-11-06,
318,3,0:09,609,609,Augustus Alexis Defensive Rebound.,74,42,32,8,0.9990983010395451,Arkansas State,Central Baptist College,5,2,0,1,NA,401179612,2019-11-06,
319,3,0:01,601,601,Holly Allen made Layup.,74,44,30,1,0.9986597864108068,Arkansas State,Central Baptist College,5,2,0,1,NA,401179612,2019-11-06,Central Baptist College
320,3,0:00,600,600,End of 3rd Quarter,74,44,30,5,0.9986669382797198,Arkansas State,Central Baptist College,5,2,0,1,NA,401179612,2019-11-06,
321,4,9:55,595,595,Kendra Cummings Steal.,74,47,27,1,0.9974819464884878,Arkansas State,Central Baptist College,6,3,0,0,NA,401179612,2019-11-06,Central Baptist College
322,4,9:54,594,594,Arkansas State  Turnover.,74,44,30,7,0.998710242841438,Arkansas State,Central Baptist College,6,3,0,0,NA,401179612,2019-11-06,
323,4,9:47,587,587,Foul on Mya Love.,74,44,30,20,0.998761636448724,Arkansas State,Central Baptist College,6,3,0,0,NA,401179612,2019-11-06,
324,4,9:27,567,567,Central Baptist  Turnover.,74,44,30,10,0.99891348092065,Arkansas State,Central Baptist College,6,3,0,0,NA,401179612,2019-11-06,
325,4,9:17,557,557,Payton Tennison Turnover.,74,44,30,0,0.9989917449234479,Arkansas State,Central Baptist College,6,3,0,0,NA,401179612,2019-11-06,
326,4,9:17,557,557,Aaliyah Cash Steal.,74,44,30,12,0.9989917449234479,Arkansas State,Central Baptist College,6,3,0,0,NA,401179612,2019-11-06,
327,4,9:05,545,545,Aaliyah Cash Turnover.,74,44,30,0,0.9990848892375922,Arkansas State,Central Baptist College,6,3,0,0,NA,401179612,2019-11-06,
328,4,9:05,545,545,Morgan Wallace Steal.,74,44,30,1,0.9990848892375922,Arkansas State,Central Baptist College,6,3,0,0,NA,401179612,2019-11-06,
329,4,9:04,544,544,Foul on Augustus Alexis.,74,44,30,14,0.9990919907970328,Arkansas State,Central Baptist College,6,3,0,0,NA,401179612,2019-11-06,
330,4,8:50,530,530,Morgan Wallace Turnover.,74,44,30,0,0.9991788430418496,Arkansas State,Central Baptist College,6,3,0,0,NA,401179612,2019-11-06,
331,4,8:50,530,530,Aaliyah Cash Steal.,74,44,30,12,0.9991788430418496,Arkansas State,Central Baptist College,6,3,0,0,NA,401179612,2019-11-06,
332,4,8:38,518,518,Augustus Alexis made Three Point Jumper. Assisted by Holly Allen.,74,47,27,14,0.9984419355865726,Arkansas State,Central Baptist College,6,3,0,0,NA,401179612,2019-11-06,Central Baptist College
333,4,8:24,504,504,Arkansas State  Timeout,74,47,27,0,0.9985557556775885,Arkansas State,Central Baptist College,6,2,0,1,NA,401179612,2019-11-06,
334,4,8:24,504,504,Official TV Timeout,74,47,27,13,0.9985557556775885,Arkansas State,Central Baptist College,6,2,0,1,NA,401179612,2019-11-06,
335,4,8:11,491,491,Starr Taylor missed Jumper.,74,47,27,3,0.9986543473071412,Arkansas State,Central Baptist College,6,2,0,1,NA,401179612,2019-11-06,
336,4,8:08,488,488,Kory Westerman Defensive Rebound.,74,47,27,12,0.9986768450729117,Arkansas State,Central Baptist College,6,2,0,1,NA,401179612,2019-11-06,
337,4,7:56,476,476,Foul on Mya Love.,74,47,27,0,0.9987678413161033,Arkansas State,Central Baptist College,6,2,0,1,NA,401179612,2019-11-06,
338,4,7:56,476,476,Chrishey Wilkes missed Free Throw.,74,47,27,0,0.9987678413161033,Arkansas State,Central Baptist College,6,2,0,1,NA,401179612,2019-11-06,
339,4,7:56,476,476,Central Baptist Offensive Rebound.,74,47,27,0,0.9987678413161033,Arkansas State,Central Baptist College,6,2,0,1,NA,401179612,2019-11-06,
340,4,7:56,476,476,Chrishey Wilkes made Free Throw.,74,48,26,11,0.9984214829949425,Arkansas State,Central Baptist College,6,2,0,1,NA,401179612,2019-11-06,Central Baptist College
341,4,7:45,465,465,Mya Love missed Three Point Jumper.,74,48,26,4,0.9985285808367063,Arkansas State,Central Baptist College,6,2,0,1,NA,401179612,2019-11-06,
342,4,7:41,461,461,Peyton Martin Offensive Rebound.,74,48,26,2,0.9985689935861822,Arkansas State,Central Baptist College,6,2,0,1,NA,401179612,2019-11-06,
343,4,7:39,459,459,Payton Tennison made Three Point Jumper. Assisted by Peyton Martin.,77,48,29,16,0.9993380260416507,Arkansas State,Central Baptist College,6,2,0,1,NA,401179612,2019-11-06,Arkansas State
344,4,7:23,443,443,Maegan Parham missed Three Point Jumper.,77,48,29,4,0.9994277467381942,Arkansas State,Central Baptist College,6,2,0,0,NA,401179612,2019-11-06,
345,4,7:19,439,439,Peyton Martin Defensive Rebound.,77,48,29,1,0.9994511084440476,Arkansas State,Central Baptist College,6,2,0,0,NA,401179612,2019-11-06,
346,4,7:18,438,438,Peyton Martin Turnover.,77,48,29,0,0.9994569987577495,Arkansas State,Central Baptist College,6,2,0,0,NA,401179612,2019-11-06,
347,4,7:18,438,438,Augustus Alexis Steal.,77,48,29,6,0.9994569987577495,Arkansas State,Central Baptist College,6,2,0,0,NA,401179612,2019-11-06,
348,4,7:12,432,432,Macey Decker made Three Point Jumper. Assisted by Augustus Alexis.,77,51,26,4,0.9988887456144663,Arkansas State,Central Baptist College,6,2,0,0,NA,401179612,2019-11-06,Central Baptist College
349,4,7:08,428,428,Morgan Wallace Turnover.,77,51,26,0,0.9989356138970971,Arkansas State,Central Baptist College,6,2,0,0,NA,401179612,2019-11-06,
350,4,7:08,428,428,Kory Westerman Steal.,77,51,26,0,0.9989356138970971,Arkansas State,Central Baptist College,6,2,0,0,NA,401179612,2019-11-06,
351,4,7:08,428,428,Foul on Morgan Wallace.,77,51,26,0,0.9989356138970971,Arkansas State,Central Baptist College,6,2,0,0,NA,401179612,2019-11-06,
352,4,7:08,428,428,Kory Westerman made Free Throw.,77,52,25,0,0.9986155267686327,Arkansas State,Central Baptist College,6,2,0,0,NA,401179612,2019-11-06,Central Baptist College
353,4,7:08,428,428,Kory Westerman missed Free Throw.,77,52,25,0,0.9986155267686327,Arkansas State,Central Baptist College,6,2,0,0,NA,401179612,2019-11-06,
354,4,7:08,428,428,Morgan Wallace Defensive Rebound.,77,52,25,4,0.9986155267686327,Arkansas State,Central Baptist College,6,2,0,0,NA,401179612,2019-11-06,
355,4,7:04,424,424,Peyton Martin Turnover.,77,52,25,22,0.9986706394488674,Arkansas State,Central Baptist College,6,2,0,0,NA,401179612,2019-11-06,
356,4,6:42,402,402,Augustus Alexis made Jumper.,77,54,23,9,0.9981368928520725,Arkansas State,Central Baptist College,6,2,0,0,NA,401179612,2019-11-06,Central Baptist College
357,4,6:33,393,393,Foul on Peyton Martin.,77,54,23,0,0.9982717419004623,Arkansas State,Central Baptist College,6,2,0,0,NA,401179612,2019-11-06,
358,4,6:33,393,393,Peyton Martin Turnover.,77,54,23,15,0.9982717419004623,Arkansas State,Central Baptist College,6,2,0,0,NA,401179612,2019-11-06,
359,4,6:18,378,378,Maegan Parham Turnover.,77,54,23,0,0.998478757444087,Arkansas State,Central Baptist College,6,2,0,0,NA,401179612,2019-11-06,
360,4,6:18,378,378,Morgan Wallace Steal.,77,54,23,5,0.998478757444087,Arkansas State,Central Baptist College,6,2,0,0,NA,401179612,2019-11-06,
361,4,6:13,373,373,Morgan Wallace made Layup.,79,54,25,19,0.9991747480355239,Arkansas State,Central Baptist College,6,2,0,0,NA,401179612,2019-11-06,Arkansas State
362,4,5:54,354,354,Augustus Alexis missed Jumper.,79,54,25,5,0.9993239220148514,Arkansas State,Central Baptist College,6,2,0,0,NA,401179612,2019-11-06,
363,4,5:49,349,349,Morgan Wallace Defensive Rebound.,79,54,25,7,0.9993621526264719,Arkansas State,Central Baptist College,6,2,0,0,NA,401179612,2019-11-06,
364,4,5:42,342,342,Jireh Washington made Layup.,81,54,27,10,0.9996774424213863,Arkansas State,Central Baptist College,6,2,0,0,NA,401179612,2019-11-06,Arkansas State
365,4,5:32,332,332,Central Baptist  Timeout,81,54,27,15,0.9997214060015972,Arkansas State,Central Baptist College,6,1,0,1,NA,401179612,2019-11-06,
366,4,5:17,317,317,Kory Westerman made Three Point Jumper. Assisted by Macey Decker.,81,57,24,16,0.9994480367532893,Arkansas State,Central Baptist College,6,1,0,1,NA,401179612,2019-11-06,Central Baptist College
367,4,5:01,301,301,Jireh Washington Turnover.,81,57,24,0,0.9995656382381163,Arkansas State,Central Baptist College,6,1,0,1,NA,401179612,2019-11-06,
368,4,5:01,301,301,Kory Westerman Steal.,81,57,24,27,0.9995656382381163,Arkansas State,Central Baptist College,6,1,0,1,NA,401179612,2019-11-06,
369,4,4:34,274,274,Macey Decker missed Three Point Jumper.,81,57,24,1,0.9995695065679476,Arkansas State,Central Baptist College,6,1,0,1,NA,401179612,2019-11-06,
370,4,4:33,273,273,Jireh Washington Defensive Rebound.,81,57,24,19,0.9995669214901359,Arkansas State,Central Baptist College,6,1,0,1,NA,401179612,2019-11-06,
371,4,4:14,254,254,Jireh Washington missed Three Point Jumper.,81,57,24,3,0.9995048545083085,Arkansas State,Central Baptist College,6,1,0,0,NA,401179612,2019-11-06,
372,4,4:11,251,251,Shameka Tubbs Offensive Rebound.,81,57,24,0,0.9994953165090983,Arkansas State,Central Baptist College,6,1,0,0,NA,401179612,2019-11-06,
373,4,4:11,251,251,Foul on Macey Decker.,81,57,24,8,0.9994953165090983,Arkansas State,Central Baptist College,6,1,0,0,NA,401179612,2019-11-06,
374,4,4:03,243,243,Morgan Wallace missed Layup.,81,57,24,2,0.9994755425643815,Arkansas State,Central Baptist College,6,1,0,0,NA,401179612,2019-11-06,
375,4,4:01,241,241,Shameka Tubbs Offensive Rebound.,81,57,24,3,0.9994724786257184,Arkansas State,Central Baptist College,6,1,0,0,NA,401179612,2019-11-06,
376,4,3:58,238,238,Jada Ford missed Three Point Jumper.,81,57,24,1,0.9994697365093755,Arkansas State,Central Baptist College,6,1,0,0,NA,401179612,2019-11-06,
377,4,3:57,237,237,Trinitee Jackson Offensive Rebound.,81,57,24,0,0.9994693690917038,Arkansas State,Central Baptist College,6,1,0,0,NA,401179612,2019-11-06,
378,4,3:57,237,237,Foul on Kory Westerman.,81,57,24,6,0.9994693690917038,Arkansas State,Central Baptist College,6,1,0,0,NA,401179612,2019-11-06,
379,4,3:51,231,231,Foul on Kayla Williams.,81,57,24,0,0.9994737335712166,Arkansas State,Central Baptist College,6,1,0,0,NA,401179612,2019-11-06,
380,4,3:51,231,231,Kayla Williams Turnover.,81,57,24,14,0.9994737335712166,Arkansas State,Central Baptist College,6,1,0,0,NA,401179612,2019-11-06,
381,4,3:37,217,217,Maegan Parham missed Three Point Jumper.,81,57,24,4,0.9995349326891837,Arkansas State,Central Baptist College,6,1,0,0,NA,401179612,2019-11-06,
382,4,3:33,213,213,Kayla Williams Defensive Rebound.,81,57,24,8,0.9995657238362424,Arkansas State,Central Baptist College,6,1,0,0,NA,401179612,2019-11-06,
383,4,3:25,205,205,Jada Ford missed Three Point Jumper.,81,57,24,2,0.9996410198779148,Arkansas State,Central Baptist College,6,1,0,0,NA,401179612,2019-11-06,
384,4,3:23,203,203,Trinitee Jackson Offensive Rebound.,81,57,24,6,0.9996618440374279,Arkansas State,Central Baptist College,6,1,0,0,NA,401179612,2019-11-06,
385,4,3:17,197,197,Kayla Williams missed Jumper.,81,57,24,3,0.9997262462211404,Arkansas State,Central Baptist College,6,1,0,0,NA,401179612,2019-11-06,
386,4,3:14,194,194,Sierra Carrier Defensive Rebound.,81,57,24,7,0.9997583479700647,Arkansas State,Central Baptist College,6,1,0,0,NA,401179612,2019-11-06,
387,4,3:07,187,187,Alaina Ellis missed Layup.,81,57,24,4,0.9998275744391011,Arkansas State,Central Baptist College,6,1,0,0,NA,401179612,2019-11-06,
388,4,3:03,183,183,Trinitee Jackson Defensive Rebound.,81,57,24,13,0.9998589633810253,Arkansas State,Central Baptist College,6,1,0,0,NA,401179612,2019-11-06,
389,4,2:50,170,170,Hailee Erickson missed Three Point Jumper.,81,57,24,5,0.9999277178892068,Arkansas State,Central Baptist College,6,1,0,0,NA,401179612,2019-11-06,
390,4,2:45,165,165,Trinitee Jackson Offensive Rebound.,81,57,24,0,0.9999446730030039,Arkansas State,Central Baptist College,6,1,0,0,NA,401179612,2019-11-06,
391,4,2:45,165,165,Trinitee Jackson missed Layup.,81,57,24,0,0.9999446730030039,Arkansas State,Central Baptist College,6,1,0,0,NA,401179612,2019-11-06,
392,4,2:45,165,165,Trinitee Jackson Offensive Rebound.,81,57,24,0,0.9999446730030039,Arkansas State,Central Baptist College,6,1,0,0,NA,401179612,2019-11-06,
393,4,2:45,165,165,Foul on Sierra Carrier.,81,57,24,9,0.9999446730030039,Arkansas State,Central Baptist College,6,1,0,0,NA,401179612,2019-11-06,
394,4,2:36,156,156,Hailee Erickson missed Three Point Jumper.,81,57,24,4,0.9999665193101307,Arkansas State,Central Baptist College,6,1,0,0,NA,401179612,2019-11-06,
395,4,2:32,152,152,Maegan Parham Defensive Rebound.,81,57,24,5,0.9999735002502635,Arkansas State,Central Baptist College,6,1,0,0,NA,401179612,2019-11-06,
396,4,2:27,147,147,Augustus Alexis missed Jumper.,81,57,24,5,0.9999804288989972,Arkansas State,Central Baptist College,6,1,0,0,NA,401179612,2019-11-06,
397,4,2:22,142,142,Kory Westerman Offensive Rebound.,81,57,24,0,0.9999857382330594,Arkansas State,Central Baptist College,6,1,0,0,NA,401179612,2019-11-06,
398,4,2:22,142,142,Kory Westerman made Layup.,81,59,22,7,0.9999638604944739,Arkansas State,Central Baptist College,6,1,0,0,NA,401179612,2019-11-06,Central Baptist College
399,4,2:15,135,135,Jireh Washington made Layup.,83,59,24,19,0.9999910722452858,Arkansas State,Central Baptist College,6,1,0,0,NA,401179612,2019-11-06,Arkansas State
400,4,1:56,116,116,Sierra Carrier made Layup. Assisted by Maegan Parham.,83,61,22,12,0.9999937802289073,Arkansas State,Central Baptist College,6,1,0,0,NA,401179612,2019-11-06,Central Baptist College
401,4,1:44,104,104,Foul on Sierra Carrier.,83,61,22,0,0.9999976894833082,Arkansas State,Central Baptist College,6,1,0,0,NA,401179612,2019-11-06,
402,4,1:44,104,104,Jireh Washington made Free Throw.,84,61,23,0,0.9999987191019554,Arkansas State,Central Baptist College,6,1,0,0,NA,401179612,2019-11-06,Arkansas State
403,4,1:44,104,104,Jireh Washington made Free Throw.,85,61,24,21,0.9999992898995045,Arkansas State,Central Baptist College,6,1,0,0,NA,401179612,2019-11-06,Arkansas State
404,4,1:23,83,83,Macie Hopkins made Layup.,85,63,22,18,0.9999996933149335,Arkansas State,Central Baptist College,6,1,0,0,NA,401179612,2019-11-06,Central Baptist College
405,4,1:05,65,65,Foul on Kayla Williams.,85,63,22,0,0.9999999564108866,Arkansas State,Central Baptist College,6,1,0,0,NA,401179612,2019-11-06,
406,4,1:05,65,65,Kayla Williams Turnover.,85,63,22,16,0.9999999564108866,Arkansas State,Central Baptist College,6,1,0,0,NA,401179612,2019-11-06,
407,4,0:49,49,49,Macie Hopkins missed Jumper.,85,63,22,4,0.9999999935560634,Arkansas State,Central Baptist College,6,1,0,0,NA,401179612,2019-11-06,
408,4,0:45,45,45,Starr Taylor Defensive Rebound.,85,63,22,2,0.99999999611451,Arkansas State,Central Baptist College,6,1,0,0,NA,401179612,2019-11-06,
409,4,0:43,43,43,Starr Taylor Turnover.,85,63,22,13,0.9999999969975917,Arkansas State,Central Baptist College,6,1,0,0,NA,401179612,2019-11-06,
410,4,0:30,30,30,Foul on Starr Taylor.,85,63,22,0,0.9999999994762143,Arkansas State,Central Baptist College,6,1,0,0,NA,401179612,2019-11-06,
411,4,0:30,30,30,Aaliyah Cash missed Free Throw.,85,63,22,0,0.9999999994762143,Arkansas State,Central Baptist College,6,1,0,0,NA,401179612,2019-11-06,
412,4,0:30,30,30,Central Baptist Offensive Rebound.,85,63,22,0,0.9999999994762143,Arkansas State,Central Baptist College,6,1,0,0,NA,401179612,2019-11-06,
413,4,0:30,30,30,Aaliyah Cash missed Free Throw.,85,63,22,0,0.9999999994762143,Arkansas State,Central Baptist College,6,1,0,0,NA,401179612,2019-11-06,
414,4,0:30,30,30,Peyton Martin Defensive Rebound.,85,63,22,15,0.9999999994762143,Arkansas State,Central Baptist College,6,1,0,0,NA,401179612,2019-11-06,
415,4,0:15,15,15,Kayla Williams made Three Point Jumper. Assisted by Payton Tennison.,88,63,25,15,0.9999999999975391,Arkansas State,Central Baptist College,6,1,0,0,NA,401179612,2019-11-06,Arkansas State
416,4,0:00,0,0,End of 4th Quarter,88,63,25,0,1,Arkansas State,Central Baptist College,6,1,0,0,NA,401179612,2019-11-06,
417,4,0:00,0,0,End of Game,88,63,25,0,1,Arkansas State,Central Baptist College,6,1,0,0,NA,401179612,2019-11-06,
