play_id,period,time_remaining_period,secs_remaining,secs_remaining_absolute,description,home_score,away_score,score_diff,play_length,win_prob,home,away,home_time_out_remaining,away_time_out_remaining,home_timeout_ind,away_timeout_ind,home_favored_by,game_id,date,whichScored
1,1,9:46,2386,2386,E'Lease Stafford missed Three Point Jumper.,0,0,0,3,0.5,Western Carolina,East Tennessee State,4,4,0,0,NA,401180175,2020-01-11,NA
2,1,9:43,2383,2383,Tembre Moates Defensive Rebound.,0,0,0,6,0.5,Western Carolina,East Tennessee State,4,4,0,0,NA,401180175,2020-01-11,
3,1,9:37,2377,2377,Foul on Judith Martin Ruiz.,0,0,0,0,0.5,Western Carolina,East Tennessee State,4,4,0,0,NA,401180175,2020-01-11,
4,1,9:37,2377,2377,Judith Martin Ruiz Turnover.,0,0,0,16,0.5,Western Carolina,East Tennessee State,4,4,0,0,NA,401180175,2020-01-11,
5,1,9:21,2361,2361,Shynia Jackson missed Jumper.,0,0,0,4,0.5,Western Carolina,East Tennessee State,4,4,0,0,NA,401180175,2020-01-11,
6,1,9:17,2357,2357,Lauren LaPlant Defensive Rebound.,0,0,0,14,0.5,Western Carolina,East Tennessee State,4,4,0,0,NA,401180175,2020-01-11,
7,1,9:03,2343,2343,Jewel Smalls missed Three Point Jumper.,0,0,0,1,0.5,Western Carolina,East Tennessee State,4,4,0,0,NA,401180175,2020-01-11,
8,1,9:02,2342,2342,East Tennessee State Defensive Rebound.,0,0,0,15,0.5,Western Carolina,East Tennessee State,4,4,0,0,NA,401180175,2020-01-11,
9,1,8:47,2327,2327,Tijuana Kimbro missed Layup.,0,0,0,2,0.5,Western Carolina,East Tennessee State,4,4,0,0,NA,401180175,2020-01-11,
10,1,8:45,2325,2325,Jewel Smalls Defensive Rebound.,0,0,0,5,0.5,Western Carolina,East Tennessee State,4,4,0,0,NA,401180175,2020-01-11,
11,1,8:40,2320,2320,Alyssa Walker missed Three Point Jumper.,0,0,0,3,0.5,Western Carolina,East Tennessee State,4,4,0,0,NA,401180175,2020-01-11,
12,1,8:37,2317,2317,Tembre Moates Offensive Rebound.,0,0,0,1,0.5,Western Carolina,East Tennessee State,4,4,0,0,NA,401180175,2020-01-11,
13,1,8:36,2316,2316,Tembre Moates Turnover.,0,0,0,14,0.5,Western Carolina,East Tennessee State,4,4,0,0,NA,401180175,2020-01-11,
14,1,8:22,2302,2302,Micah Scheetz missed Jumper.,0,0,0,2,0.5,Western Carolina,East Tennessee State,4,4,0,0,NA,401180175,2020-01-11,
15,1,8:20,2300,2300,Jewel Smalls Defensive Rebound.,0,0,0,1,0.5,Western Carolina,East Tennessee State,4,4,0,0,NA,401180175,2020-01-11,
16,1,8:19,2299,2299,Jewel Smalls Turnover.,0,0,0,0,0.5,Western Carolina,East Tennessee State,4,4,0,0,NA,401180175,2020-01-11,
17,1,8:19,2299,2299,Kaia Upton Steal.,0,0,0,6,0.5,Western Carolina,East Tennessee State,4,4,0,0,NA,401180175,2020-01-11,
18,1,8:13,2293,2293,E'Lease Stafford made Layup. Assisted by Kaia Upton.,0,2,-2,13,0.4536568568073095,Western Carolina,East Tennessee State,4,4,0,0,NA,401180175,2020-01-11,East Tennessee State
19,1,8:00,2280,2280,Lauren LaPlant missed Three Point Jumper.,0,2,-2,4,0.4533663845351968,Western Carolina,East Tennessee State,4,4,0,0,NA,401180175,2020-01-11,
20,1,7:56,2276,2276,Lauren LaPlant Offensive Rebound.,0,2,-2,1,0.4532766908152387,Western Carolina,East Tennessee State,4,4,0,0,NA,401180175,2020-01-11,
21,1,7:55,2275,2275,Lauren LaPlant Turnover.,0,2,-2,0,0.4532542448184906,Western Carolina,East Tennessee State,4,4,0,0,NA,401180175,2020-01-11,
22,1,7:55,2275,2275,Kaia Upton Steal.,0,2,-2,11,0.4532542448184906,Western Carolina,East Tennessee State,4,4,0,0,NA,401180175,2020-01-11,
23,1,7:44,2264,2264,E'Lease Stafford missed Three Point Jumper.,0,2,-2,4,0.45300676159973796,Western Carolina,East Tennessee State,4,4,0,0,NA,401180175,2020-01-11,
24,1,7:40,2260,2260,Alyssa Walker Defensive Rebound.,0,2,-2,16,0.45291651372509034,Western Carolina,East Tennessee State,4,4,0,0,NA,401180175,2020-01-11,
25,1,7:24,2244,2244,Alyssa Walker made Jumper.,2,2,0,21,0.5,Western Carolina,East Tennessee State,4,4,0,0,NA,401180175,2020-01-11,Western Carolina
26,1,7:03,2223,2223,Shynia Jackson missed Jumper.,2,2,0,3,0.5,Western Carolina,East Tennessee State,4,4,0,0,NA,401180175,2020-01-11,
27,1,7:00,2220,2220,Judith Martin Ruiz Defensive Rebound.,2,2,0,3,0.5,Western Carolina,East Tennessee State,4,4,0,0,NA,401180175,2020-01-11,
28,1,6:57,2217,2217,Jewel Smalls missed Three Point Jumper.,2,2,0,4,0.5,Western Carolina,East Tennessee State,4,4,0,0,NA,401180175,2020-01-11,
29,1,6:53,2213,2213,East Tennessee State Defensive Rebound.,2,2,0,24,0.5,Western Carolina,East Tennessee State,4,4,0,0,NA,401180175,2020-01-11,
30,1,6:29,2189,2189,Alyssa Walker Defensive Rebound.,2,2,0,5,0.5,Western Carolina,East Tennessee State,4,4,0,0,NA,401180175,2020-01-11,
31,1,6:24,2184,2184,Lauren LaPlant Turnover.,2,2,0,0,0.5,Western Carolina,East Tennessee State,4,4,0,0,NA,401180175,2020-01-11,
32,1,6:24,2184,2184,E'Lease Stafford Steal.,2,2,0,7,0.5,Western Carolina,East Tennessee State,4,4,0,0,NA,401180175,2020-01-11,
33,1,6:17,2177,2177,Foul on Jewel Smalls.,2,2,0,12,0.5,Western Carolina,East Tennessee State,4,4,0,0,NA,401180175,2020-01-11,
34,1,6:05,2165,2165,Kaia Upton made Layup.,2,4,-2,35,0.45074232375925694,Western Carolina,East Tennessee State,4,4,0,0,NA,401180175,2020-01-11,East Tennessee State
35,1,5:30,2130,2130,Tembre Moates made Layup. Assisted by Judith Martin Ruiz.,4,4,0,18,0.5,Western Carolina,East Tennessee State,4,4,0,0,NA,401180175,2020-01-11,Western Carolina
36,1,5:12,2112,2112,Tijuana Kimbro Turnover.,4,4,0,0,0.5,Western Carolina,East Tennessee State,4,4,0,0,NA,401180175,2020-01-11,
37,1,5:12,2112,2112,Judith Martin Ruiz Steal.,4,4,0,8,0.5,Western Carolina,East Tennessee State,4,4,0,0,NA,401180175,2020-01-11,
38,1,5:04,2104,2104,Andrea Martin Ruiz Turnover.,4,4,0,0,0.5,Western Carolina,East Tennessee State,4,4,0,0,NA,401180175,2020-01-11,
39,1,5:04,2104,2104,Kaia Upton Steal.,4,4,0,4,0.5,Western Carolina,East Tennessee State,4,4,0,0,NA,401180175,2020-01-11,
40,1,5:00,2100,2100,Kaia Upton made Layup.,4,6,-2,16,0.4492214765326713,Western Carolina,East Tennessee State,4,4,0,0,NA,401180175,2020-01-11,East Tennessee State
41,1,4:44,2084,2084,Andrea Martin Ruiz missed Layup.,4,6,-2,2,0.4488412727583027,Western Carolina,East Tennessee State,4,4,0,0,NA,401180175,2020-01-11,
42,1,4:42,2082,2082,Tijuana Kimbro Defensive Rebound.,4,6,-2,4,0.4487935683174232,Western Carolina,East Tennessee State,4,4,0,0,NA,401180175,2020-01-11,
43,1,4:38,2078,2078,Foul on Andrea Martin Ruiz.,4,6,-2,0,0.4486980371736651,Western Carolina,East Tennessee State,4,4,0,0,NA,401180175,2020-01-11,
44,1,4:38,2078,2078,Official TV Timeout,4,6,-2,14,0.4486980371736651,Western Carolina,East Tennessee State,4,4,0,0,NA,401180175,2020-01-11,
45,1,4:24,2064,2064,E'Lease Stafford missed Layup.,4,6,-2,0,0.4483623662805861,Western Carolina,East Tennessee State,4,4,0,0,NA,401180175,2020-01-11,
46,1,4:24,2064,2064,Alyssa Walker Block.,4,6,-2,4,0.4483623662805861,Western Carolina,East Tennessee State,4,4,0,0,NA,401180175,2020-01-11,
47,1,4:20,2060,2060,Jewel Smalls Defensive Rebound.,4,6,-2,4,0.44826607664459606,Western Carolina,East Tennessee State,4,4,0,0,NA,401180175,2020-01-11,
48,1,4:16,2056,2056,Andrea Martin Ruiz missed Three Point Jumper.,4,6,-2,3,0.448169612562251,Western Carolina,East Tennessee State,4,4,0,0,NA,401180175,2020-01-11,
49,1,4:13,2053,2053,Kaia Upton Defensive Rebound.,4,6,-2,1,0.4480971487316694,Western Carolina,East Tennessee State,4,4,0,0,NA,401180175,2020-01-11,
50,1,4:12,2052,2052,Kaia Upton Turnover.,4,6,-2,0,0.44807297189182055,Western Carolina,East Tennessee State,4,4,0,0,NA,401180175,2020-01-11,
51,1,4:12,2052,2052,Andrea Martin Ruiz Steal.,4,6,-2,4,0.44807297189182055,Western Carolina,East Tennessee State,4,4,0,0,NA,401180175,2020-01-11,
52,1,4:08,2048,2048,Andrea Martin Ruiz made Layup.,6,6,0,19,0.5,Western Carolina,East Tennessee State,4,4,0,0,NA,401180175,2020-01-11,Western Carolina
53,1,3:49,2029,2029,Tijuana Kimbro made Layup. Assisted by Micah Scheetz.,6,8,-2,19,0.44751375380537767,Western Carolina,East Tennessee State,4,4,0,0,NA,401180175,2020-01-11,East Tennessee State
54,1,3:30,2010,2010,Jewel Smalls missed Jumper.,6,8,-2,4,0.44704704497341163,Western Carolina,East Tennessee State,4,4,0,0,NA,401180175,2020-01-11,
55,1,3:26,2006,2006,Jewel Smalls Offensive Rebound.,6,8,-2,3,0.44694821975860094,Western Carolina,East Tennessee State,4,4,0,0,NA,401180175,2020-01-11,
56,1,3:23,2003,2003,Jewel Smalls missed Layup.,6,8,-2,0,0.4468739675363185,Western Carolina,East Tennessee State,4,4,0,0,NA,401180175,2020-01-11,
57,1,3:23,2003,2003,Tijuana Kimbro Block.,6,8,-2,3,0.4468739675363185,Western Carolina,East Tennessee State,4,4,0,0,NA,401180175,2020-01-11,
58,1,3:20,2000,2000,Jada Craig Defensive Rebound.,6,8,-2,4,0.44679960004646263,Western Carolina,East Tennessee State,4,4,0,0,NA,401180175,2020-01-11,
59,1,3:16,1996,1996,Micah Scheetz missed Three Point Jumper.,6,8,-2,3,0.4467002625316585,Western Carolina,East Tennessee State,4,4,0,0,NA,401180175,2020-01-11,
60,1,3:13,1993,1993,Alyssa Walker Defensive Rebound.,6,8,-2,10,0.4466256225821303,Western Carolina,East Tennessee State,4,4,0,0,NA,401180175,2020-01-11,
61,1,3:03,1983,1983,Andrea Martin Ruiz made Layup.,8,8,0,0,0.5,Western Carolina,East Tennessee State,4,4,0,0,NA,401180175,2020-01-11,Western Carolina
62,1,3:03,1983,1983,Foul on Tijuana Kimbro.,8,8,0,0,0.5,Western Carolina,East Tennessee State,4,4,0,0,NA,401180175,2020-01-11,
63,1,3:03,1983,1983,Andrea Martin Ruiz made Free Throw.,9,8,1,19,0.5268895638080849,Western Carolina,East Tennessee State,4,4,0,0,NA,401180175,2020-01-11,Western Carolina
64,1,2:44,1964,1964,Kaia Upton missed Layup.,9,8,1,3,0.5271307106723907,Western Carolina,East Tennessee State,4,4,0,0,NA,401180175,2020-01-11,
65,1,2:41,1961,1961,Jada Craig Offensive Rebound.,9,8,1,5,0.5271690218209801,Western Carolina,East Tennessee State,4,4,0,0,NA,401180175,2020-01-11,
66,1,2:36,1956,1956,Kaia Upton made Jumper. Assisted by Jada Craig.,9,10,-1,16,0.4727669805791183,Western Carolina,East Tennessee State,4,4,0,0,NA,401180175,2020-01-11,East Tennessee State
67,1,2:20,1940,1940,Lauren LaPlant made Three Point Jumper. Assisted by Andrea Martin Ruiz.,12,10,2,20,0.5547133416051888,Western Carolina,East Tennessee State,4,4,0,0,NA,401180175,2020-01-11,Western Carolina
68,1,2:00,1920,1920,Kaia Upton made Layup.,12,12,0,0,0.5,Western Carolina,East Tennessee State,4,4,0,0,NA,401180175,2020-01-11,East Tennessee State
69,1,2:00,1920,1920,Foul on Andrea Martin Ruiz.,12,12,0,0,0.5,Western Carolina,East Tennessee State,4,4,0,0,NA,401180175,2020-01-11,
70,1,2:00,1920,1920,Kaia Upton made Free Throw.,12,13,-1,19,0.47230115030587627,Western Carolina,East Tennessee State,4,4,0,0,NA,401180175,2020-01-11,East Tennessee State
71,1,1:41,1901,1901,Lauren LaPlant made Three Point Jumper. Assisted by Jewel Smalls.,15,13,2,18,0.5557168601555263,Western Carolina,East Tennessee State,4,4,0,0,NA,401180175,2020-01-11,Western Carolina
72,1,1:23,1883,1883,Foul on Tembre Moates.,15,13,2,0,0.5561794392775864,Western Carolina,East Tennessee State,4,4,0,0,NA,401180175,2020-01-11,
73,1,1:23,1883,1883,Shynia Jackson made Free Throw.,15,14,1,0,0.5281789384956048,Western Carolina,East Tennessee State,4,4,0,0,NA,401180175,2020-01-11,East Tennessee State
74,1,1:23,1883,1883,Shynia Jackson made Free Throw.,15,15,0,6,0.5,Western Carolina,East Tennessee State,4,4,0,0,NA,401180175,2020-01-11,East Tennessee State
75,1,1:17,1877,1877,Diarra Smith Turnover.,15,15,0,0,0.5,Western Carolina,East Tennessee State,4,4,0,0,NA,401180175,2020-01-11,
76,1,1:17,1877,1877,Kaia Upton Steal.,15,15,0,12,0.5,Western Carolina,East Tennessee State,4,4,0,0,NA,401180175,2020-01-11,
77,1,1:05,1865,1865,Shynia Jackson missed Layup.,15,15,0,0,0.5,Western Carolina,East Tennessee State,4,4,0,0,NA,401180175,2020-01-11,
78,1,1:05,1865,1865,Jewel Smalls Block.,15,15,0,3,0.5,Western Carolina,East Tennessee State,4,4,0,0,NA,401180175,2020-01-11,
79,1,1:02,1862,1862,Jewel Smalls Defensive Rebound.,15,15,0,14,0.5,Western Carolina,East Tennessee State,4,4,0,0,NA,401180175,2020-01-11,
80,1,0:48,1848,1848,Jewel Smalls missed Jumper.,15,15,0,4,0.5,Western Carolina,East Tennessee State,4,4,0,0,NA,401180175,2020-01-11,
81,1,0:44,1844,1844,Shynia Jackson Defensive Rebound.,15,15,0,5,0.5,Western Carolina,East Tennessee State,4,4,0,0,NA,401180175,2020-01-11,
82,1,0:39,1839,1839,Jada Craig Turnover.,15,15,0,0,0.5,Western Carolina,East Tennessee State,4,4,0,0,NA,401180175,2020-01-11,
83,1,0:39,1839,1839,Diarra Smith Steal.,15,15,0,7,0.5,Western Carolina,East Tennessee State,4,4,0,0,NA,401180175,2020-01-11,
84,1,0:32,1832,1832,Lauren LaPlant missed Three Point Jumper.,15,15,0,3,0.5,Western Carolina,East Tennessee State,4,4,0,0,NA,401180175,2020-01-11,
85,1,0:29,1829,1829,Jewel Smalls Offensive Rebound.,15,15,0,15,0.5,Western Carolina,East Tennessee State,4,4,0,0,NA,401180175,2020-01-11,
86,1,0:14,1814,1814,Lauren LaPlant Turnover.,15,15,0,0,0.5,Western Carolina,East Tennessee State,4,4,0,0,NA,401180175,2020-01-11,
87,1,0:14,1814,1814,Jada Craig Steal.,15,15,0,4,0.5,Western Carolina,East Tennessee State,4,4,0,0,NA,401180175,2020-01-11,
88,1,0:10,1810,1810,Foul on Lauren LaPlant.,15,15,0,0,0.5,Western Carolina,East Tennessee State,4,4,0,0,NA,401180175,2020-01-11,
89,1,0:10,1810,1810,Jada Craig missed Free Throw.,15,15,0,0,0.5,Western Carolina,East Tennessee State,4,4,0,0,NA,401180175,2020-01-11,
90,1,0:10,1810,1810,East Tennessee State Deadball Team Rebound.,15,15,0,0,0.5,Western Carolina,East Tennessee State,4,4,0,0,NA,401180175,2020-01-11,
91,1,0:10,1810,1810,Jada Craig made Free Throw.,15,16,-1,10,0.470866101029719,Western Carolina,East Tennessee State,4,4,0,0,NA,401180175,2020-01-11,East Tennessee State
92,1,0:00,1800,1800,Jewel Smalls missed Three Point Jumper.,15,16,-1,0,0.47073319422403154,Western Carolina,East Tennessee State,4,4,0,0,NA,401180175,2020-01-11,
93,1,0:00,1800,1800,East Tennessee State Deadball Team Rebound.,15,16,-1,0,0.47073319422403154,Western Carolina,East Tennessee State,4,4,0,0,NA,401180175,2020-01-11,
94,1,0:00,1800,1800,End of 1st Quarter,15,16,-1,13,0.47073319422403154,Western Carolina,East Tennessee State,4,4,0,0,NA,401180175,2020-01-11,
95,2,9:47,1787,1787,Tembre Moates made Jumper. Assisted by Lauren LaPlant.,17,16,1,27,0.529440708783451,Western Carolina,East Tennessee State,4,4,0,0,NA,401180175,2020-01-11,Western Carolina
96,2,9:20,1760,1760,Micah Scheetz made Three Point Jumper. Assisted by Kaia Upton.,17,19,-2,14,0.44059779950943273,Western Carolina,East Tennessee State,4,4,0,0,NA,401180175,2020-01-11,East Tennessee State
97,2,9:06,1746,1746,Tembre Moates missed Jumper.,17,19,-2,7,0.44021655583996494,Western Carolina,East Tennessee State,4,4,0,0,NA,401180175,2020-01-11,
98,2,8:59,1739,1739,Western Carolina Offensive Rebound.,17,19,-2,0,0.44002428916341035,Western Carolina,East Tennessee State,4,4,0,0,NA,401180175,2020-01-11,
99,2,8:59,1739,1739,Alyssa Walker made Jumper. Assisted by Lauren LaPlant.,19,19,0,21,0.5,Western Carolina,East Tennessee State,4,4,0,0,NA,401180175,2020-01-11,Western Carolina
100,2,8:38,1718,1718,Micah Scheetz missed Jumper.,19,19,0,6,0.5,Western Carolina,East Tennessee State,4,4,0,0,NA,401180175,2020-01-11,
101,2,8:32,1712,1712,Judith Martin Ruiz Defensive Rebound.,19,19,0,6,0.5,Western Carolina,East Tennessee State,4,4,0,0,NA,401180175,2020-01-11,
102,2,8:26,1706,1706,Tembre Moates missed Layup.,19,19,0,0,0.5,Western Carolina,East Tennessee State,4,4,0,0,NA,401180175,2020-01-11,
103,2,8:26,1706,1706,Tijuana Kimbro Block.,19,19,0,6,0.5,Western Carolina,East Tennessee State,4,4,0,0,NA,401180175,2020-01-11,
104,2,8:20,1700,1700,East Tennessee State Defensive Rebound.,19,19,0,14,0.5,Western Carolina,East Tennessee State,4,4,0,0,NA,401180175,2020-01-11,
105,2,8:06,1686,1686,Gabby Brown missed Three Point Jumper.,19,19,0,5,0.5,Western Carolina,East Tennessee State,4,4,0,0,NA,401180175,2020-01-11,
106,2,8:01,1681,1681,Alyssa Walker Defensive Rebound.,19,19,0,4,0.5,Western Carolina,East Tennessee State,4,4,0,0,NA,401180175,2020-01-11,
107,2,7:57,1677,1677,Tembre Moates missed Layup.,19,19,0,4,0.5,Western Carolina,East Tennessee State,4,4,0,0,NA,401180175,2020-01-11,
108,2,7:53,1673,1673,Jewel Smalls Offensive Rebound.,19,19,0,17,0.5,Western Carolina,East Tennessee State,4,4,0,0,NA,401180175,2020-01-11,
109,2,7:36,1656,1656,Lauren LaPlant made Three Point Jumper. Assisted by Jewel Smalls.,22,19,3,11,0.5928714414043756,Western Carolina,East Tennessee State,4,4,0,0,NA,401180175,2020-01-11,Western Carolina
110,2,7:25,1645,1645,Micah Scheetz missed Jumper.,22,19,3,6,0.5933155161376457,Western Carolina,East Tennessee State,4,4,0,0,NA,401180175,2020-01-11,
111,2,7:19,1639,1639,Kaia Upton Offensive Rebound.,22,19,3,2,0.5935559014896915,Western Carolina,East Tennessee State,4,4,0,0,NA,401180175,2020-01-11,
112,2,7:17,1637,1637,Foul on E'Lease Stafford.,22,19,3,0,0.5936357823243171,Western Carolina,East Tennessee State,4,4,0,0,NA,401180175,2020-01-11,
113,2,7:17,1637,1637,E'Lease Stafford Turnover.,22,19,3,32,0.5936357823243171,Western Carolina,East Tennessee State,4,4,0,0,NA,401180175,2020-01-11,
114,2,6:45,1605,1605,Alyssa Walker Turnover.,22,19,3,0,0.5949028375599695,Western Carolina,East Tennessee State,4,4,0,0,NA,401180175,2020-01-11,
115,2,6:45,1605,1605,Micah Scheetz Steal.,22,19,3,5,0.5949028375599695,Western Carolina,East Tennessee State,4,4,0,0,NA,401180175,2020-01-11,
116,2,6:40,1600,1600,Kaia Upton made Layup.,22,21,1,16,0.5320467518552061,Western Carolina,East Tennessee State,4,4,0,0,NA,401180175,2020-01-11,East Tennessee State
117,2,6:24,1584,1584,Lauren LaPlant missed Three Point Jumper.,22,21,1,4,0.5322642332022972,Western Carolina,East Tennessee State,4,4,0,0,NA,401180175,2020-01-11,
118,2,6:20,1580,1580,Tijuana Kimbro Defensive Rebound.,22,21,1,9,0.5323187675767772,Western Carolina,East Tennessee State,4,4,0,0,NA,401180175,2020-01-11,
119,2,6:11,1571,1571,Kaia Upton missed Three Point Jumper.,22,21,1,5,0.5324418650447457,Western Carolina,East Tennessee State,4,4,0,0,NA,401180175,2020-01-11,
120,2,6:06,1566,1566,Arielle Harvey Offensive Rebound.,22,21,1,1,0.5325105465611225,Western Carolina,East Tennessee State,4,4,0,0,NA,401180175,2020-01-11,
121,2,6:05,1565,1565,Arielle Harvey made Layup.,22,23,-1,9,0.46747568781622056,Western Carolina,East Tennessee State,4,4,0,0,NA,401180175,2020-01-11,East Tennessee State
122,2,5:56,1556,1556,Lauren LaPlant missed Three Point Jumper.,22,23,-1,4,0.4673512956803404,Western Carolina,East Tennessee State,4,4,0,0,NA,401180175,2020-01-11,
123,2,5:52,1552,1552,Judith Martin Ruiz Offensive Rebound.,22,23,-1,3,0.46729568722045295,Western Carolina,East Tennessee State,4,4,0,0,NA,401180175,2020-01-11,
124,2,5:49,1549,1549,Judith Martin Ruiz missed Three Point Jumper.,22,23,-1,4,0.4672538350419146,Western Carolina,East Tennessee State,4,4,0,0,NA,401180175,2020-01-11,
125,2,5:45,1545,1545,Arielle Harvey Defensive Rebound.,22,23,-1,16,0.4671978236092534,Western Carolina,East Tennessee State,4,4,0,0,NA,401180175,2020-01-11,
126,2,5:29,1529,1529,Micah Scheetz missed Three Point Jumper.,22,23,-1,5,0.46697105820697427,Western Carolina,East Tennessee State,4,4,0,0,NA,401180175,2020-01-11,
127,2,5:24,1524,1524,Tijuana Kimbro Offensive Rebound.,22,23,-1,17,0.4668991816267446,Western Carolina,East Tennessee State,4,4,0,0,NA,401180175,2020-01-11,
128,2,5:07,1507,1507,Tijuana Kimbro made Layup.,22,25,-3,0,0.40112291041231135,Western Carolina,East Tennessee State,4,4,0,0,NA,401180175,2020-01-11,East Tennessee State
129,2,5:07,1507,1507,Judith Martin Ruiz made Layup.,24,25,-1,0,0.4666505456360566,Western Carolina,East Tennessee State,4,4,0,0,NA,401180175,2020-01-11,Western Carolina
130,2,5:07,1507,1507,Foul on Arielle Harvey.,24,25,-1,0,0.4666505456360566,Western Carolina,East Tennessee State,4,4,0,0,NA,401180175,2020-01-11,
131,2,5:07,1507,1507,Judith Martin Ruiz made Free Throw.,25,25,0,12,0.5,Western Carolina,East Tennessee State,4,4,0,0,NA,401180175,2020-01-11,Western Carolina
132,2,4:55,1495,1495,Arielle Harvey made Three Point Jumper. Assisted by Kaia Upton.,25,28,-3,27,0.40060178500734767,Western Carolina,East Tennessee State,4,4,0,0,NA,401180175,2020-01-11,East Tennessee State
133,2,4:28,1468,1468,Judith Martin Ruiz missed Three Point Jumper.,25,28,-3,5,0.3993828123946557,Western Carolina,East Tennessee State,4,4,0,0,NA,401180175,2020-01-11,
134,2,4:23,1463,1463,Shynia Jackson Defensive Rebound.,25,28,-3,7,0.39914910189969244,Western Carolina,East Tennessee State,4,4,0,0,NA,401180175,2020-01-11,
135,2,4:16,1456,1456,Kaia Upton Turnover.,25,28,-3,0,0.39881729415701433,Western Carolina,East Tennessee State,4,4,0,0,NA,401180175,2020-01-11,
136,2,4:16,1456,1456,Official TV Timeout,25,28,-3,27,0.39881729415701433,Western Carolina,East Tennessee State,4,4,0,0,NA,401180175,2020-01-11,
137,2,3:49,1429,1429,Lauren LaPlant missed Three Point Jumper.,25,28,-3,8,0.39753319380561847,Western Carolina,East Tennessee State,4,4,0,0,NA,401180175,2020-01-11,
138,2,3:41,1421,1421,Shynia Jackson Defensive Rebound.,25,28,-3,2,0.3971646936869728,Western Carolina,East Tennessee State,4,4,0,0,NA,401180175,2020-01-11,
139,2,3:39,1419,1419,Kaia Upton missed Layup.,25,28,-3,4,0.39707333833928277,Western Carolina,East Tennessee State,4,4,0,0,NA,401180175,2020-01-11,
140,2,3:35,1415,1415,Lauren LaPlant Defensive Rebound.,25,28,-3,3,0.3968914716736923,Western Carolina,East Tennessee State,4,4,0,0,NA,401180175,2020-01-11,
141,2,3:32,1412,1412,Judith Martin Ruiz made Jumper.,27,28,-1,26,0.46513987797119055,Western Carolina,East Tennessee State,4,4,0,0,NA,401180175,2020-01-11,Western Carolina
142,2,3:06,1386,1386,Micah Scheetz missed Three Point Jumper.,27,28,-1,4,0.4647387830704231,Western Carolina,East Tennessee State,4,4,0,0,NA,401180175,2020-01-11,
143,2,3:02,1382,1382,Judith Martin Ruiz Defensive Rebound.,27,28,-1,15,0.4646777705214998,Western Carolina,East Tennessee State,4,4,0,0,NA,401180175,2020-01-11,
144,2,2:47,1367,1367,Foul on Lauren LaPlant.,27,28,-1,0,0.46444957607639553,Western Carolina,East Tennessee State,4,4,0,0,NA,401180175,2020-01-11,
145,2,2:47,1367,1367,Lauren LaPlant Turnover.,27,28,-1,12,0.46444957607639553,Western Carolina,East Tennessee State,4,4,0,0,NA,401180175,2020-01-11,
146,2,2:35,1355,1355,Micah Scheetz missed Three Point Jumper.,27,28,-1,4,0.46426688623225143,Western Carolina,East Tennessee State,4,4,0,0,NA,401180175,2020-01-11,
147,2,2:31,1351,1351,Western Carolina Defensive Rebound.,27,28,-1,22,0.4642058012664251,Western Carolina,East Tennessee State,4,4,0,0,NA,401180175,2020-01-11,
148,2,2:09,1329,1329,Lauren LaPlant missed Three Point Jumper.,27,28,-1,3,0.46386637808543496,Western Carolina,East Tennessee State,4,4,0,0,NA,401180175,2020-01-11,
149,2,2:06,1326,1326,Kaia Upton Defensive Rebound.,27,28,-1,9,0.4638194626474903,Western Carolina,East Tennessee State,4,4,0,0,NA,401180175,2020-01-11,
150,2,1:57,1317,1317,Kaia Upton missed Layup.,27,28,-1,0,0.4636775091464316,Western Carolina,East Tennessee State,4,4,0,0,NA,401180175,2020-01-11,
151,2,1:57,1317,1317,Western Carolina Defensive Rebound.,27,28,-1,25,0.4636775091464316,Western Carolina,East Tennessee State,4,4,0,0,NA,401180175,2020-01-11,
152,2,1:32,1292,1292,Andrea Martin Ruiz made Layup.,29,28,1,24,0.5367288700702502,Western Carolina,East Tennessee State,4,4,0,0,NA,401180175,2020-01-11,Western Carolina
153,2,1:08,1268,1268,Foul on Lauren LaPlant.,29,28,1,0,0.5371412415068411,Western Carolina,East Tennessee State,4,4,0,0,NA,401180175,2020-01-11,
154,2,1:08,1268,1268,Jada Craig missed Free Throw.,29,28,1,0,0.5371412415068411,Western Carolina,East Tennessee State,4,4,0,0,NA,401180175,2020-01-11,
155,2,1:08,1268,1268,East Tennessee State Deadball Team Rebound.,29,28,1,0,0.5371412415068411,Western Carolina,East Tennessee State,4,4,0,0,NA,401180175,2020-01-11,
156,2,1:08,1268,1268,Jada Craig made Free Throw.,29,29,0,7,0.5,Western Carolina,East Tennessee State,4,4,0,0,NA,401180175,2020-01-11,East Tennessee State
157,2,1:01,1261,1261,Andrea Martin Ruiz Turnover.,29,29,0,18,0.5,Western Carolina,East Tennessee State,4,4,0,0,NA,401180175,2020-01-11,
158,2,0:43,1243,1243,Kaia Upton Turnover.,29,29,0,30,0.5,Western Carolina,East Tennessee State,4,4,0,0,NA,401180175,2020-01-11,
159,2,0:13,1213,1213,Judith Martin Ruiz missed Three Point Jumper.,29,29,0,4,0.5,Western Carolina,East Tennessee State,4,4,0,0,NA,401180175,2020-01-11,
160,2,0:09,1209,1209,Jewel Smalls Offensive Rebound.,29,29,0,9,0.5,Western Carolina,East Tennessee State,4,4,0,0,NA,401180175,2020-01-11,
161,2,0:00,1200,1200,End of 2nd Quarter,29,29,0,22,0.5,Western Carolina,East Tennessee State,4,4,0,0,NA,401180175,2020-01-11,
162,3,9:38,1178,1178,Shynia Jackson made Three Point Jumper. Assisted by Kaia Upton.,29,32,-3,20,0.38505290147776383,Western Carolina,East Tennessee State,5,5,0,0,NA,401180175,2020-01-11,East Tennessee State
163,3,9:18,1158,1158,Tembre Moates missed Jumper.,29,32,-3,0,0.3839097579552733,Western Carolina,East Tennessee State,5,5,0,0,NA,401180175,2020-01-11,
164,3,9:18,1158,1158,Tijuana Kimbro Block.,29,32,-3,5,0.3839097579552733,Western Carolina,East Tennessee State,5,5,0,0,NA,401180175,2020-01-11,
165,3,9:13,1153,1153,Kaia Upton Defensive Rebound.,29,32,-3,8,0.38362713687181504,Western Carolina,East Tennessee State,5,5,0,0,NA,401180175,2020-01-11,
166,3,9:05,1145,1145,Kaia Upton made Jumper. Assisted by Micah Scheetz.,29,34,-5,21,0.3114221661748439,Western Carolina,East Tennessee State,5,5,0,0,NA,401180175,2020-01-11,East Tennessee State
167,3,8:44,1124,1124,Tembre Moates made Layup. Assisted by Judith Martin Ruiz.,31,34,-3,17,0.38199567253060934,Western Carolina,East Tennessee State,5,5,0,0,NA,401180175,2020-01-11,Western Carolina
168,3,8:27,1107,1107,E'Lease Stafford missed Three Point Jumper.,31,34,-3,3,0.38103258178134347,Western Carolina,East Tennessee State,5,5,0,0,NA,401180175,2020-01-11,
169,3,8:24,1104,1104,East Tennessee State Deadball Team Rebound.,31,34,-3,0,0.3808611648446672,Western Carolina,East Tennessee State,5,5,0,0,NA,401180175,2020-01-11,
170,3,8:24,1104,1104,Foul on Tembre Moates.,31,34,-3,17,0.3808611648446672,Western Carolina,East Tennessee State,5,5,0,0,NA,401180175,2020-01-11,
171,3,8:07,1087,1087,Micah Scheetz made Layup.,31,36,-5,0,0.30644753719990786,Western Carolina,East Tennessee State,5,5,0,0,NA,401180175,2020-01-11,East Tennessee State
172,3,8:07,1087,1087,Foul on Judith Martin Ruiz.,31,36,-5,0,0.30644753719990786,Western Carolina,East Tennessee State,5,5,0,0,NA,401180175,2020-01-11,
173,3,8:07,1087,1087,Micah Scheetz made Free Throw.,31,37,-6,16,0.27286472463102956,Western Carolina,East Tennessee State,5,5,0,0,NA,401180175,2020-01-11,East Tennessee State
174,3,7:51,1071,1071,Jewel Smalls missed Three Point Jumper.,31,37,-6,4,0.27126499793430586,Western Carolina,East Tennessee State,5,5,0,0,NA,401180175,2020-01-11,
175,3,7:47,1067,1067,East Tennessee State Defensive Rebound.,31,37,-6,20,0.2708577634529639,Western Carolina,East Tennessee State,5,5,0,0,NA,401180175,2020-01-11,
176,3,7:27,1047,1047,Shynia Jackson made Layup. Assisted by Jada Craig.,31,39,-8,3,0.20841434006153728,Western Carolina,East Tennessee State,5,5,0,0,NA,401180175,2020-01-11,East Tennessee State
177,3,7:24,1044,1044,Western Carolina  Timeout,31,39,-8,0,0.20805389180983028,Western Carolina,East Tennessee State,4,5,1,0,NA,401180175,2020-01-11,
178,3,7:24,1044,1044,Official TV Timeout,31,39,-8,15,0.20805389180983028,Western Carolina,East Tennessee State,4,5,1,0,NA,401180175,2020-01-11,
179,3,7:09,1029,1029,Jewel Smalls missed Three Point Jumper.,31,39,-8,4,0.20621096889062937,Western Carolina,East Tennessee State,4,5,1,0,NA,401180175,2020-01-11,
180,3,7:05,1025,1025,Shynia Jackson Defensive Rebound.,31,39,-8,12,0.20570720596967432,Western Carolina,East Tennessee State,4,5,1,0,NA,401180175,2020-01-11,
181,3,6:53,1013,1013,Foul on Andrea Martin Ruiz.,31,39,-8,19,0.20416178611740868,Western Carolina,East Tennessee State,4,5,1,0,NA,401180175,2020-01-11,
182,3,6:34,994,994,Micah Scheetz missed Jumper.,31,39,-8,4,0.20160008736866353,Western Carolina,East Tennessee State,4,5,1,0,NA,401180175,2020-01-11,
183,3,6:30,990,990,Tembre Moates Defensive Rebound.,31,39,-8,6,0.20104132627718738,Western Carolina,East Tennessee State,4,5,1,0,NA,401180175,2020-01-11,
184,3,6:24,984,984,Alyssa Walker made Three Point Jumper. Assisted by Jewel Smalls.,34,39,-5,21,0.29615124135690946,Western Carolina,East Tennessee State,4,5,1,0,NA,401180175,2020-01-11,Western Carolina
185,3,6:03,963,963,Shynia Jackson missed Three Point Jumper.,34,39,-5,3,0.2936367342798013,Western Carolina,East Tennessee State,4,5,0,0,NA,401180175,2020-01-11,
186,3,6:00,960,960,Western Carolina Defensive Rebound.,34,39,-5,24,0.2932872718630253,Western Carolina,East Tennessee State,4,5,0,0,NA,401180175,2020-01-11,
187,3,5:36,936,936,Tembre Moates Turnover.,34,39,-5,0,0.2906901404976607,Western Carolina,East Tennessee State,4,5,0,0,NA,401180175,2020-01-11,
188,3,5:36,936,936,Tijuana Kimbro Steal.,34,39,-5,13,0.2906901404976607,Western Carolina,East Tennessee State,4,5,0,0,NA,401180175,2020-01-11,
189,3,5:23,923,923,Tijuana Kimbro missed Layup.,34,39,-5,6,0.28940307015791367,Western Carolina,East Tennessee State,4,5,0,0,NA,401180175,2020-01-11,
190,3,5:17,917,917,Tijuana Kimbro Offensive Rebound.,34,39,-5,1,0.2888304329612005,Western Carolina,East Tennessee State,4,5,0,0,NA,401180175,2020-01-11,
191,3,5:16,916,916,Tijuana Kimbro missed Layup.,34,39,-5,4,0.2887361098644227,Western Carolina,East Tennessee State,4,5,0,0,NA,401180175,2020-01-11,
192,3,5:12,912,912,Jewel Smalls Defensive Rebound.,34,39,-5,0,0.2883616987806971,Western Carolina,East Tennessee State,4,5,0,0,NA,401180175,2020-01-11,
193,3,5:12,912,912,Foul on E'Lease Stafford.,34,39,-5,7,0.2883616987806971,Western Carolina,East Tennessee State,4,5,0,0,NA,401180175,2020-01-11,
194,3,5:05,905,905,Tembre Moates made Jumper. Assisted by Judith Martin Ruiz.,36,39,-3,20,0.3672806075480984,Western Carolina,East Tennessee State,4,5,0,0,NA,401180175,2020-01-11,Western Carolina
195,3,4:45,885,885,Foul on Alyssa Walker.,36,39,-3,0,0.36605549944450266,Western Carolina,East Tennessee State,4,5,0,0,NA,401180175,2020-01-11,
196,3,4:45,885,885,Official TV Timeout,36,39,-3,18,0.36605549944450266,Western Carolina,East Tennessee State,4,5,0,0,NA,401180175,2020-01-11,
197,3,4:27,867,867,Micah Scheetz missed Layup.,36,39,-3,4,0.3649608730904556,Western Carolina,East Tennessee State,4,5,0,0,NA,401180175,2020-01-11,
198,3,4:23,863,863,Judith Martin Ruiz Defensive Rebound.,36,39,-3,0,0.3647152066881425,Western Carolina,East Tennessee State,4,5,0,0,NA,401180175,2020-01-11,
199,3,4:23,863,863,Foul on Micah Scheetz.,36,39,-3,11,0.3647152066881425,Western Carolina,East Tennessee State,4,5,0,0,NA,401180175,2020-01-11,
200,3,4:12,852,852,Foul on Arielle Harvey.,36,39,-3,6,0.3640300429325168,Western Carolina,East Tennessee State,4,5,0,0,NA,401180175,2020-01-11,
201,3,4:06,846,846,Lauren LaPlant missed Jumper.,36,39,-3,6,0.36364841319385355,Western Carolina,East Tennessee State,4,5,0,0,NA,401180175,2020-01-11,
202,3,4:00,840,840,Tijuana Kimbro Defensive Rebound.,36,39,-3,16,0.36325967575938556,Western Carolina,East Tennessee State,4,5,0,0,NA,401180175,2020-01-11,
203,3,3:44,824,824,Jada Craig made Three Point Jumper. Assisted by Micah Scheetz.,36,42,-6,24,0.24382238520997077,Western Carolina,East Tennessee State,4,5,0,0,NA,401180175,2020-01-11,East Tennessee State
204,3,3:20,800,800,Lauren LaPlant made Three Point Jumper. Assisted by Judith Martin Ruiz.,39,42,-3,0,0.360398643075929,Western Carolina,East Tennessee State,4,5,0,0,NA,401180175,2020-01-11,Western Carolina
205,3,3:20,800,800,Alyssa Walker Turnover.,39,42,-3,0,0.360398643075929,Western Carolina,East Tennessee State,4,5,0,0,NA,401180175,2020-01-11,
206,3,3:20,800,800,Kaia Upton Steal.,39,42,-3,0,0.360398643075929,Western Carolina,East Tennessee State,4,5,0,0,NA,401180175,2020-01-11,
207,3,3:20,800,800,Kaia Upton Turnover.,39,42,-3,0,0.360398643075929,Western Carolina,East Tennessee State,4,5,0,0,NA,401180175,2020-01-11,
208,3,3:20,800,800,Jewel Smalls Steal.,39,42,-3,18,0.360398643075929,Western Carolina,East Tennessee State,4,5,0,0,NA,401180175,2020-01-11,
209,3,3:02,782,782,Tijuana Kimbro Turnover.,39,42,-3,14,0.35889742938916075,Western Carolina,East Tennessee State,4,5,0,0,NA,401180175,2020-01-11,
210,3,2:48,768,768,Foul on Shynia Jackson.,39,42,-3,5,0.3576090058539153,Western Carolina,East Tennessee State,4,5,0,0,NA,401180175,2020-01-11,
211,3,2:43,763,763,Foul on Jada Craig.,39,42,-3,0,0.3571201041110569,Western Carolina,East Tennessee State,4,5,0,0,NA,401180175,2020-01-11,
212,3,2:43,763,763,Jewel Smalls made Free Throw.,40,42,-2,0,0.4032542599543899,Western Carolina,East Tennessee State,4,5,0,0,NA,401180175,2020-01-11,Western Carolina
213,3,2:43,763,763,Jewel Smalls made Free Throw.,41,42,-1,14,0.4511656935293653,Western Carolina,East Tennessee State,4,5,0,0,NA,401180175,2020-01-11,Western Carolina
214,3,2:29,749,749,Shynia Jackson Turnover.,41,42,-1,0,0.4506414026679366,Western Carolina,East Tennessee State,4,5,0,0,NA,401180175,2020-01-11,
215,3,2:29,749,749,Alyssa Walker Steal.,41,42,-1,11,0.4506414026679366,Western Carolina,East Tennessee State,4,5,0,0,NA,401180175,2020-01-11,
216,3,2:18,738,738,Jewel Smalls missed Three Point Jumper.,41,42,-1,3,0.45019336882672634,Western Carolina,East Tennessee State,4,5,0,0,NA,401180175,2020-01-11,
217,3,2:15,735,735,Kaia Upton Defensive Rebound.,41,42,-1,10,0.45006527851251904,Western Carolina,East Tennessee State,4,5,0,0,NA,401180175,2020-01-11,
218,3,2:05,725,725,Shynia Jackson made Jumper.,41,44,-3,22,0.35285085681468914,Western Carolina,East Tennessee State,4,5,0,0,NA,401180175,2020-01-11,East Tennessee State
219,3,1:43,703,703,Jewel Smalls missed Layup.,41,44,-3,3,0.35043565133041177,Western Carolina,East Tennessee State,4,5,0,0,NA,401180175,2020-01-11,
220,3,1:40,700,700,Shynia Jackson Defensive Rebound.,41,44,-3,7,0.35013209763452713,Western Carolina,East Tennessee State,4,5,0,0,NA,401180175,2020-01-11,
221,3,1:33,693,693,Shynia Jackson missed Three Point Jumper.,41,44,-3,4,0.3494421679182652,Western Carolina,East Tennessee State,4,5,0,0,NA,401180175,2020-01-11,
222,3,1:29,689,689,Western Carolina Defensive Rebound.,41,44,-3,16,0.34905790225850303,Western Carolina,East Tennessee State,4,5,0,0,NA,401180175,2020-01-11,
223,3,1:13,673,673,Andrea Martin Ruiz missed Layup.,41,44,-3,3,0.34757159931555,Western Carolina,East Tennessee State,4,5,0,0,NA,401180175,2020-01-11,
224,3,1:10,670,670,Shynia Jackson Defensive Rebound.,41,44,-3,15,0.3472986607838269,Western Carolina,East Tennessee State,4,5,0,0,NA,401180175,2020-01-11,
225,3,0:55,655,655,Kaia Upton missed Layup.,41,44,-3,3,0.34593818606524945,Western Carolina,East Tennessee State,4,5,0,0,NA,401180175,2020-01-11,
226,3,0:52,652,652,Jewel Smalls Defensive Rebound.,41,44,-3,3,0.345664108013223,Western Carolina,East Tennessee State,4,5,0,0,NA,401180175,2020-01-11,
227,3,0:49,649,649,Andrea Martin Ruiz missed Layup.,41,44,-3,2,0.3453884295035789,Western Carolina,East Tennessee State,4,5,0,0,NA,401180175,2020-01-11,
228,3,0:47,647,647,Western Carolina Offensive Rebound.,41,44,-3,16,0.34520355645002304,Western Carolina,East Tennessee State,4,5,0,0,NA,401180175,2020-01-11,
229,3,0:31,631,631,Judith Martin Ruiz missed Three Point Jumper.,41,44,-3,3,0.3436783170877023,Western Carolina,East Tennessee State,4,5,0,0,NA,401180175,2020-01-11,
230,3,0:28,628,628,Shynia Jackson Defensive Rebound.,41,44,-3,16,0.3433802335843267,Western Carolina,East Tennessee State,4,5,0,0,NA,401180175,2020-01-11,
231,3,0:12,612,612,Foul on Tembre Moates.,41,44,-3,0,0.34169987507626515,Western Carolina,East Tennessee State,4,5,0,0,NA,401180175,2020-01-11,
232,3,0:12,612,612,Tijuana Kimbro missed Free Throw.,41,44,-3,0,0.34169987507626515,Western Carolina,East Tennessee State,4,5,0,0,NA,401180175,2020-01-11,
233,3,0:12,612,612,East Tennessee State Deadball Team Rebound.,41,44,-3,0,0.34169987507626515,Western Carolina,East Tennessee State,4,5,0,0,NA,401180175,2020-01-11,
234,3,0:12,612,612,Tijuana Kimbro missed Free Throw.,41,44,-3,0,0.34169987507626515,Western Carolina,East Tennessee State,4,5,0,0,NA,401180175,2020-01-11,
235,3,0:12,612,612,Jewel Smalls Defensive Rebound.,41,44,-3,10,0.34169987507626515,Western Carolina,East Tennessee State,4,5,0,0,NA,401180175,2020-01-11,
236,3,0:02,602,602,Jewel Smalls made Layup. Assisted by Judith Martin Ruiz.,43,44,-1,2,0.4451526810602755,Western Carolina,East Tennessee State,4,5,0,0,NA,401180175,2020-01-11,Western Carolina
237,3,0:00,600,600,End of 3rd Quarter,43,44,-1,9,0.44506480685690686,Western Carolina,East Tennessee State,4,5,0,0,NA,401180175,2020-01-11,
238,4,9:51,591,591,E'Lease Stafford made Three Point Jumper. Assisted by Micah Scheetz.,43,47,-4,32,0.2912703683824263,Western Carolina,East Tennessee State,5,6,0,0,NA,401180175,2020-01-11,East Tennessee State
239,4,9:19,559,559,Foul on Jada Craig.,43,47,-4,18,0.2854197014417954,Western Carolina,East Tennessee State,5,6,0,0,NA,401180175,2020-01-11,
240,4,9:01,541,541,Tembre Moates made Layup. Assisted by Judith Martin Ruiz.,45,47,-2,18,0.384991838866865,Western Carolina,East Tennessee State,5,6,0,0,NA,401180175,2020-01-11,Western Carolina
241,4,8:43,523,523,Foul on Tembre Moates.,45,47,-2,4,0.3830462339476187,Western Carolina,East Tennessee State,5,6,0,0,NA,401180175,2020-01-11,
242,4,8:39,519,519,Micah Scheetz missed Layup.,45,47,-2,1,0.3826512159023196,Western Carolina,East Tennessee State,5,6,0,0,NA,401180175,2020-01-11,
243,4,8:38,518,518,East Tennessee State Offensive Rebound.,45,47,-2,3,0.3825538693018371,Western Carolina,East Tennessee State,5,6,0,0,NA,401180175,2020-01-11,
244,4,8:35,515,515,Foul on Alyssa Walker.,45,47,-2,7,0.38226461442724097,Western Carolina,East Tennessee State,5,6,0,0,NA,401180175,2020-01-11,
245,4,8:28,508,508,E'Lease Stafford made Free Throw.,45,48,-3,0,0.3264827762663207,Western Carolina,East Tennessee State,5,6,0,0,NA,401180175,2020-01-11,East Tennessee State
246,4,8:28,508,508,E'Lease Stafford made Free Throw.,45,49,-4,1,0.2757753267464889,Western Carolina,East Tennessee State,5,6,0,0,NA,401180175,2020-01-11,East Tennessee State
247,4,8:27,507,507,Foul on Jewel Smalls.,45,49,-4,12,0.2756162210996276,Western Carolina,East Tennessee State,5,6,0,0,NA,401180175,2020-01-11,
248,4,8:15,495,495,Lauren LaPlant missed Three Point Jumper.,45,49,-4,3,0.27370313273453367,Western Carolina,East Tennessee State,5,6,0,0,NA,401180175,2020-01-11,
249,4,8:12,492,492,Kaia Upton Defensive Rebound.,45,49,-4,14,0.2732163125554492,Western Carolina,East Tennessee State,5,6,0,0,NA,401180175,2020-01-11,
250,4,7:58,478,478,E'Lease Stafford Offensive Rebound.,45,49,-4,1,0.2708287126755931,Western Carolina,East Tennessee State,5,6,0,0,NA,401180175,2020-01-11,
251,4,7:57,477,477,E'Lease Stafford Turnover.,45,49,-4,0,0.27064814724914704,Western Carolina,East Tennessee State,5,6,0,0,NA,401180175,2020-01-11,
252,4,7:57,477,477,Jewel Smalls Steal.,45,49,-4,9,0.27064814724914704,Western Carolina,East Tennessee State,5,6,0,0,NA,401180175,2020-01-11,
253,4,7:48,468,468,Diarra Smith made Three Point Jumper. Assisted by Jewel Smalls.,48,49,-1,23,0.4378234910963099,Western Carolina,East Tennessee State,5,6,0,0,NA,401180175,2020-01-11,Western Carolina
254,4,7:25,445,445,Tijuana Kimbro missed Layup.,48,49,-1,3,0.43616611676487677,Western Carolina,East Tennessee State,5,6,0,0,NA,401180175,2020-01-11,
255,4,7:22,442,442,Alyssa Walker Defensive Rebound.,48,49,-1,0,0.4359099729529535,Western Carolina,East Tennessee State,5,6,0,0,NA,401180175,2020-01-11,
256,4,7:22,442,442,Foul on Tijuana Kimbro.,48,49,-1,27,0.4359099729529535,Western Carolina,East Tennessee State,5,6,0,0,NA,401180175,2020-01-11,
257,4,6:55,415,415,Judith Martin Ruiz missed Jumper.,48,49,-1,3,0.43330522935480204,Western Carolina,East Tennessee State,5,6,0,0,NA,401180175,2020-01-11,
258,4,6:52,412,412,Shynia Jackson Defensive Rebound.,48,49,-1,5,0.433027082336378,Western Carolina,East Tennessee State,5,6,0,0,NA,401180175,2020-01-11,
259,4,6:47,407,407,Jada Craig missed Layup.,48,49,-1,3,0.43257087318119014,Western Carolina,East Tennessee State,5,6,0,0,NA,401180175,2020-01-11,
260,4,6:44,404,404,Lauren LaPlant Defensive Rebound.,48,49,-1,23,0.43230047864416993,Western Carolina,East Tennessee State,5,6,0,0,NA,401180175,2020-01-11,
261,4,6:21,381,381,Jewel Smalls missed Three Point Jumper.,48,49,-1,1,0.43023400007853135,Western Carolina,East Tennessee State,5,6,0,0,NA,401180175,2020-01-11,
262,4,6:20,380,380,E'Lease Stafford Defensive Rebound.,48,49,-1,0,0.43014174786386056,Western Carolina,East Tennessee State,5,6,0,0,NA,401180175,2020-01-11,
263,4,6:20,380,380,Foul on Jewel Smalls.,48,49,-1,22,0.43014174786386056,Western Carolina,East Tennessee State,5,6,0,0,NA,401180175,2020-01-11,
264,4,5:58,358,358,Gabby Brown missed Layup.,48,49,-1,5,0.42796590678623314,Western Carolina,East Tennessee State,5,6,0,0,NA,401180175,2020-01-11,
265,4,5:53,353,353,Shynia Jackson Offensive Rebound.,48,49,-1,3,0.4274168944390119,Western Carolina,East Tennessee State,5,6,0,0,NA,401180175,2020-01-11,
266,4,5:50,350,350,E'Lease Stafford made Layup.,48,51,-3,11,0.2928903834250488,Western Carolina,East Tennessee State,5,6,0,0,NA,401180175,2020-01-11,East Tennessee State
267,4,5:39,339,339,Tembre Moates missed Layup.,48,51,-3,3,0.28948012748114726,Western Carolina,East Tennessee State,5,6,0,0,NA,401180175,2020-01-11,
268,4,5:36,336,336,E'Lease Stafford Defensive Rebound.,48,51,-3,6,0.28848250493933614,Western Carolina,East Tennessee State,5,6,0,0,NA,401180175,2020-01-11,
269,4,5:30,330,330,E'Lease Stafford Turnover.,48,51,-3,16,0.28639055984806266,Western Carolina,East Tennessee State,5,6,0,0,NA,401180175,2020-01-11,
270,4,5:14,314,314,Jewel Smalls missed Layup.,48,51,-3,3,0.2801052584032632,Western Carolina,East Tennessee State,5,6,0,0,NA,401180175,2020-01-11,
271,4,5:11,311,311,E'Lease Stafford Defensive Rebound.,48,51,-3,12,0.27880049255077727,Western Carolina,East Tennessee State,5,6,0,0,NA,401180175,2020-01-11,
272,4,4:59,299,299,Micah Scheetz missed Layup.,48,51,-3,3,0.2749322507037926,Western Carolina,East Tennessee State,5,6,0,0,NA,401180175,2020-01-11,
273,4,4:56,296,296,Jewel Smalls Defensive Rebound.,48,51,-3,11,0.2744576503131328,Western Carolina,East Tennessee State,5,6,0,0,NA,401180175,2020-01-11,
274,4,4:45,285,285,Judith Martin Ruiz missed Jumper.,48,51,-3,4,0.27403443923863463,Western Carolina,East Tennessee State,5,6,0,0,NA,401180175,2020-01-11,
275,4,4:41,281,281,Gabby Brown Defensive Rebound.,48,51,-3,11,0.27429423966759675,Western Carolina,East Tennessee State,5,6,0,0,NA,401180175,2020-01-11,
276,4,4:30,270,270,Official TV Timeout,48,51,-3,14,0.27575721276738224,Western Carolina,East Tennessee State,5,6,0,0,NA,401180175,2020-01-11,
277,4,4:16,256,256,Tijuana Kimbro missed Layup.,48,51,-3,3,0.2782862282524966,Western Carolina,East Tennessee State,5,6,0,0,NA,401180175,2020-01-11,
278,4,4:13,253,253,Tembre Moates Defensive Rebound.,48,51,-3,16,0.2787945595248686,Western Carolina,East Tennessee State,5,6,0,0,NA,401180175,2020-01-11,
279,4,3:57,237,237,Foul on Tijuana Kimbro.,48,51,-3,0,0.28037260169358347,Western Carolina,East Tennessee State,5,6,0,0,NA,401180175,2020-01-11,
280,4,3:57,237,237,Lauren LaPlant made Free Throw.,49,51,-2,0,0.3478712833823952,Western Carolina,East Tennessee State,5,6,0,0,NA,401180175,2020-01-11,Western Carolina
281,4,3:57,237,237,Lauren LaPlant made Free Throw.,50,51,-1,13,0.42208874949091946,Western Carolina,East Tennessee State,5,6,0,0,NA,401180175,2020-01-11,Western Carolina
282,4,3:44,224,224,Kaia Upton missed Jumper.,50,51,-1,4,0.4215857612399853,Western Carolina,East Tennessee State,5,6,0,0,NA,401180175,2020-01-11,
283,4,3:40,220,220,Jewel Smalls Defensive Rebound.,50,51,-1,15,0.4211633040270706,Western Carolina,East Tennessee State,5,6,0,0,NA,401180175,2020-01-11,
284,4,3:25,205,205,Foul on Judith Martin Ruiz.,50,51,-1,0,0.41812014132543057,Western Carolina,East Tennessee State,5,6,0,0,NA,401180175,2020-01-11,
285,4,3:25,205,205,Judith Martin Ruiz Turnover.,50,51,-1,11,0.41812014132543057,Western Carolina,East Tennessee State,5,6,0,0,NA,401180175,2020-01-11,
286,4,3:14,194,194,Shynia Jackson missed Three Point Jumper.,50,51,-1,4,0.41411242615990235,Western Carolina,East Tennessee State,5,6,0,0,NA,401180175,2020-01-11,
287,4,3:10,190,190,Judith Martin Ruiz Defensive Rebound.,50,51,-1,4,0.41221836482567875,Western Carolina,East Tennessee State,5,6,0,0,NA,401180175,2020-01-11,
288,4,3:06,186,186,Foul on Jada Craig.,50,51,-1,4,0.41019821301642534,Western Carolina,East Tennessee State,5,6,0,0,NA,401180175,2020-01-11,
289,4,3:02,182,182,Jewel Smalls made Layup. Assisted by Judith Martin Ruiz.,52,51,1,21,0.5918296453307972,Western Carolina,East Tennessee State,5,6,0,0,NA,401180175,2020-01-11,Western Carolina
290,4,2:41,161,161,Foul on Alyssa Walker.,52,51,1,2,0.6029021507204974,Western Carolina,East Tennessee State,5,6,0,0,NA,401180175,2020-01-11,
291,4,2:39,159,159,Kaia Upton made Free Throw.,52,52,0,0,0.5,Western Carolina,East Tennessee State,5,6,0,0,NA,401180175,2020-01-11,East Tennessee State
292,4,2:39,159,159,Kaia Upton made Free Throw.,52,53,-1,16,0.3959818887605474,Western Carolina,East Tennessee State,5,6,0,0,NA,401180175,2020-01-11,East Tennessee State
293,4,2:23,143,143,Jewel Smalls made Layup.,54,53,1,19,0.6135426192371547,Western Carolina,East Tennessee State,5,6,0,0,NA,401180175,2020-01-11,Western Carolina
294,4,2:04,124,124,Micah Scheetz Turnover.,54,53,1,0,0.626673356342709,Western Carolina,East Tennessee State,5,6,0,0,NA,401180175,2020-01-11,
295,4,2:04,124,124,Lauren LaPlant Steal.,54,53,1,8,0.626673356342709,Western Carolina,East Tennessee State,5,6,0,0,NA,401180175,2020-01-11,
296,4,1:56,116,116,Lauren LaPlant missed Three Point Jumper.,54,53,1,4,0.6329512408256482,Western Carolina,East Tennessee State,5,6,0,0,NA,401180175,2020-01-11,
297,4,1:52,112,112,Tijuana Kimbro Defensive Rebound.,54,53,1,17,0.6362800163562805,Western Carolina,East Tennessee State,5,6,0,0,NA,401180175,2020-01-11,
298,4,1:35,95,95,Tijuana Kimbro made Layup. Assisted by Kaia Upton.,54,55,-1,0,0.34801704226200575,Western Carolina,East Tennessee State,5,6,0,1,NA,401180175,2020-01-11,East Tennessee State
299,4,1:35,95,95,East Tennessee State  Timeout,54,55,-1,15,0.34801704226200575,Western Carolina,East Tennessee State,5,5,0,1,NA,401180175,2020-01-11,
300,4,1:20,80,80,Judith Martin Ruiz Turnover.,54,55,-1,0,0.3327712624732198,Western Carolina,East Tennessee State,5,5,0,1,NA,401180175,2020-01-11,
301,4,1:20,80,80,Kaia Upton Steal.,54,55,-1,24,0.3327712624732198,Western Carolina,East Tennessee State,5,5,0,1,NA,401180175,2020-01-11,
302,4,0:56,56,56,Kaia Upton made Free Throw.,54,57,-3,0,0.07907392617689209,Western Carolina,East Tennessee State,5,5,1,1,NA,401180175,2020-01-11,East Tennessee State
303,4,0:56,56,56,Western Carolina  Timeout,54,55,-1,0,0.30611780384985204,Western Carolina,East Tennessee State,4,5,1,1,NA,401180175,2020-01-11,
304,4,0:56,56,56,Foul on Alyssa Walker.,54,55,-1,0,0.30611780384985204,Western Carolina,East Tennessee State,4,5,1,1,NA,401180175,2020-01-11,
305,4,0:56,56,56,Kaia Upton made Free Throw.,54,56,-2,11,0.1629194515323275,Western Carolina,East Tennessee State,4,5,1,1,NA,401180175,2020-01-11,East Tennessee State
306,4,0:45,45,45,Jewel Smalls missed Three Point Jumper.,54,57,-3,5,0.06655704455478731,Western Carolina,East Tennessee State,4,5,1,1,NA,401180175,2020-01-11,East Tennessee State
307,4,0:40,40,40,Jewel Smalls Offensive Rebound.,54,57,-3,2,0.06125403944911376,Western Carolina,East Tennessee State,4,5,1,1,NA,401180175,2020-01-11,
308,4,0:38,38,38,Jewel Smalls Turnover.,54,57,-3,0,0.059205619385947685,Western Carolina,East Tennessee State,4,5,1,1,NA,401180175,2020-01-11,
309,4,0:38,38,38,Shynia Jackson Steal.,54,57,-3,0,0.059205619385947685,Western Carolina,East Tennessee State,4,5,1,1,NA,401180175,2020-01-11,
310,4,0:38,38,38,Foul on Judith Martin Ruiz.,54,57,-3,0,0.059205619385947685,Western Carolina,East Tennessee State,4,5,1,1,NA,401180175,2020-01-11,
311,4,0:38,38,38,Shynia Jackson missed Free Throw.,54,57,-3,0,0.059205619385947685,Western Carolina,East Tennessee State,4,5,1,1,NA,401180175,2020-01-11,
312,4,0:38,38,38,East Tennessee State Deadball Team Rebound.,54,57,-3,0,0.059205619385947685,Western Carolina,East Tennessee State,4,5,1,1,NA,401180175,2020-01-11,
313,4,0:38,38,38,Shynia Jackson made Free Throw.,54,58,-4,0,0.024420448785884754,Western Carolina,East Tennessee State,4,5,1,1,NA,401180175,2020-01-11,East Tennessee State
314,4,0:38,38,38,Western Carolina  Timeout,54,58,-4,13,0.024420448785884754,Western Carolina,East Tennessee State,3,5,1,1,NA,401180175,2020-01-11,
315,4,0:25,25,25,Alyssa Walker made Three Point Jumper. Assisted by Judith Martin Ruiz.,57,58,-1,2,0.2683291171038707,Western Carolina,East Tennessee State,3,5,1,0,NA,401180175,2020-01-11,Western Carolina
316,4,0:23,23,23,East Tennessee State  Timeout,57,58,-1,8,0.2658126717221923,Western Carolina,East Tennessee State,3,4,1,1,NA,401180175,2020-01-11,
317,4,0:15,15,15,Foul on Judith Martin Ruiz.,57,58,-1,2,0.2555514296206448,Western Carolina,East Tennessee State,3,4,1,1,NA,401180175,2020-01-11,
318,4,0:13,13,13,Micah Scheetz made Free Throw.,57,59,-2,1,0.10284511149708929,Western Carolina,East Tennessee State,3,4,1,1,NA,401180175,2020-01-11,East Tennessee State
319,4,0:12,12,12,Micah Scheetz made Free Throw.,57,60,-3,0,0.036619526208933564,Western Carolina,East Tennessee State,3,4,1,1,NA,401180175,2020-01-11,East Tennessee State
320,4,0:12,12,12,Western Carolina  Timeout,57,60,-3,5,0.036619526208933564,Western Carolina,East Tennessee State,2,4,1,1,NA,401180175,2020-01-11,
321,4,0:07,7,7,Andrea Martin Ruiz Turnover.,57,60,-3,0,0.03305852595083273,Western Carolina,East Tennessee State,2,4,1,1,NA,401180175,2020-01-11,
322,4,0:07,7,7,Micah Scheetz Steal.,57,60,-3,1,0.03305852595083273,Western Carolina,East Tennessee State,2,4,1,1,NA,401180175,2020-01-11,
323,4,0:06,6,6,Foul on Jewel Smalls.,57,60,-3,0,0.032377959509609616,Western Carolina,East Tennessee State,2,4,1,1,NA,401180175,2020-01-11,
324,4,0:06,6,6,Micah Scheetz made Free Throw.,57,61,-4,0,0.010667611520738937,Western Carolina,East Tennessee State,2,4,1,1,NA,401180175,2020-01-11,East Tennessee State
325,4,0:06,6,6,Micah Scheetz made Free Throw.,57,62,-5,4,0.003462580005395367,Western Carolina,East Tennessee State,2,4,1,1,NA,401180175,2020-01-11,East Tennessee State
326,4,0:02,2,2,Jewel Smalls missed Three Point Jumper.,57,62,-5,2,0.002997135996995224,Western Carolina,East Tennessee State,2,4,1,1,NA,401180175,2020-01-11,
327,4,0:00,0,0,Jewel Smalls Offensive Rebound.,57,62,-5,0,3.720075976020836e-44,Western Carolina,East Tennessee State,2,4,1,1,NA,401180175,2020-01-11,
328,4,0:00,0,0,End of 4th Quarter,57,62,-5,0,3.720075976020836e-44,Western Carolina,East Tennessee State,2,4,1,1,NA,401180175,2020-01-11,
329,4,0:00,0,0,End of Game,57,62,-5,0,3.720075976020836e-44,Western Carolina,East Tennessee State,2,4,1,1,NA,401180175,2020-01-11,
